Distance_from_0,Sample 1,Sample 2,Sample 3,Sample 4,Sample 5,Sample 6,Sample 7,Sample 8,Sample 9,Sample 10,Sample 11,Sample 12,Sample 13,Sample 14,Sample 15,Sample 16,Sample 17,Sample 18,Sample 19,Sample 20,Sample 21,Sample 22,Sample 23,Sample 24,Sample 25,Sample 26,Sample 27,Sample 28,Sample 29,Sample 30,Sample 31,Sample 32,Sample 33,Sample 34,Sample 35,Sample 36,Sample 37,Sample 38,Sample 39,Sample 40,Sample 41,Sample 42,Sample 43,Sample 44,Sample 45,Sample 46,Sample 47,Sample 48,Sample 49,Sample 50,Sample 51,Sample 52,Sample 53,Sample 54,Sample 55,Sample 56,Sample 57,Sample 58,Sample 59,Sample 60,Sample 61,Sample 62,Sample 63,Sample 64,Sample 65,Sample 66,Sample 67,Sample 68,Sample 69,Sample 70,Sample 71,Sample 72,Sample 73,Sample 74,Sample 75,Sample 76,Sample 77,Sample 78,Sample 79,Sample 80,Sample 81,Sample 82,Sample 83,Sample 84,Sample 85,Sample 86,Sample 87,Sample 88,Sample 89,Sample 90,Sample 91,Sample 92,Sample 93,Sample 94,Sample 95,Sample 96,Sample 97,Sample 98,Sample 99,Sample 100,Sample 101,Sample 102,Sample 103,Sample 104,Sample 105,Sample 106,Sample 107,Sample 108,Sample 109,Sample 110,Sample 111,MEAN,SD
0.01,1,2,2,1,2,1,2,1,0,1,2,1,1,2,1,0,2,1,1,0,1,1,2,1,1,1,1,2,1,2,2,1,1,1,1,1,0,0,2,1,2,1,1,1,1,1,1,2,1,1,0,0,1,0,1,1,1,1,1,2,2,2,1,2,1,1,1,1,2,1,1,1,1,1,1,1,1,1,2,1,2,1,1,1,2,1,1,2,1,1,1,3,1,2,1,1,1,1,1,2,1,1,1,1,1,2,1,1,1,1,1,1.18018018,0.559190945
0.02,3,3,3,2,2,1,4,3,4,3,3,3,2,3,3,3,2,3,3,2,4,3,3,3,3,3,3,3,3,2,4,3,3,2,2,2,2,1,3,3,3,3,3,2,3,2,3,3,4,2,1,1,3,2,3,3,2,3,2,3,2,3,3,3,3,2,2,2,2,3,3,2,4,3,2,4,3,3,2,1,3,1,3,3,2,4,3,3,4,3,3,1,3,3,4,3,3,2,3,2,1,2,3,4,2,1,3,4,2,3,1,2.657657658,0.791953804
0.03,3,3,3,2,3,1,3,4,4,3,3,3,2,3,3,2,2,3,3,4,4,2,3,2,4,3,3,3,3,4,3,4,2,3,3,3,3,1,3,3,3,3,5,1,4,3,3,3,4,3,2,1,3,2,3,2,2,3,2,2,2,3,3,2,3,3,2,3,1,2,3,3,4,3,3,4,3,3,2,4,3,2,3,3,2,4,4,3,4,3,3,2,3,2,4,2,3,1,2,2,1,4,3,3,3,2,2,3,3,3,3,2.801801802,0.807012671
0.04,3,3,4,3,4,2,4,4,4,4,3,3,3,3,3,3,2,4,4,5,4,3,2,3,5,4,3,3,3,4,4,4,3,4,3,4,4,4,3,3,4,3,3,2,5,4,4,1,3,3,3,3,3,3,3,3,2,2,3,4,2,3,3,3,3,3,2,4,3,3,4,3,4,4,4,4,4,3,3,4,4,4,5,4,3,5,4,3,5,2,4,4,5,3,4,2,3,3,2,3,3,5,3,4,3,2,2,3,3,2,5,3.351351351,0.838273644
0.05,3,3,4,3,4,2,4,4,4,4,3,3,3,3,3,3,4,3,4,5,4,4,4,4,4,4,3,3,3,5,3,4,3,4,3,4,4,5,3,3,4,3,2,1,4,4,3,3,3,3,3,3,4,3,3,2,3,2,3,4,2,3,2,4,3,2,2,4,2,3,3,3,4,3,4,5,4,3,3,4,3,3,5,3,3,5,2,2,3,2,4,3,4,4,4,2,3,2,2,4,4,3,3,2,1,3,3,4,4,3,3,3.261261261,0.838957272
0.06,3,3,4,3,4,2,3,5,4,4,4,3,4,3,3,4,2,4,4,6,4,5,4,3,5,4,4,3,3,7,4,3,2,4,3,4,4,5,3,3,4,3,3,2,5,5,3,2,6,3,3,3,5,3,4,2,4,2,2,3,2,4,2,3,5,3,3,4,3,2,4,3,3,2,3,4,4,3,3,4,3,4,3,5,4,7,3,3,3,2,5,3,6,3,5,1,3,2,3,4,4,4,2,1,2,2,3,4,2,3,2,3.432432432,1.133150248
0.07,3,3,4,3,5,3,3,4,4,4,4,3,3,3,3,5,5,4,4,7,4,4,5,3,6,4,4,3,3,6,4,4,4,4,3,5,4,5,3,3,4,3,1,3,7,5,2,3,6,3,3,3,5,3,4,5,4,4,3,2,3,5,3,5,3,2,3,4,3,6,4,4,5,3,3,6,4,4,3,4,3,5,5,3,5,5,3,4,5,3,5,4,6,4,6,4,3,3,3,5,4,4,3,4,2,4,2,4,2,4,3,3.855855856,1.110666032
0.08,3,3,5,3,5,3,2,4,3,4,4,3,3,3,3,7,5,4,5,7,4,5,4,3,5,4,4,3,3,5,4,2,3,4,3,5,4,5,4,3,4,3,1,2,6,4,2,2,6,3,3,3,5,3,4,5,3,4,2,3,4,5,3,3,5,2,4,4,3,4,5,3,5,2,4,5,4,5,2,4,4,2,4,5,5,8,3,3,5,2,5,3,5,3,6,4,5,3,4,3,3,3,3,3,4,3,2,2,3,4,4,3.747747748,1.209571438
0.09,3,3,4,3,5,2,3,5,4,4,4,3,5,3,3,7,4,4,5,7,4,5,5,3,7,4,4,4,4,6,5,6,3,4,3,5,4,5,4,3,5,3,1,2,5,3,1,3,6,2,3,3,5,4,5,4,3,3,3,2,3,6,3,5,5,3,4,3,4,2,4,4,3,3,3,6,3,5,2,4,5,3,5,6,4,6,5,5,5,2,4,4,6,3,6,3,5,3,5,3,4,2,3,6,3,3,2,1,3,3,2,3.873873874,1.321962158
0.1,3,3,5,4,5,2,2,5,4,4,4,3,6,3,4,7,5,3,5,7,4,4,3,2,8,4,5,4,5,7,4,3,3,4,3,5,4,6,4,3,5,3,1,1,5,4,2,2,8,2,3,3,5,4,4,5,3,4,4,3,3,5,4,4,4,1,4,3,3,5,3,3,5,3,3,7,4,6,3,4,4,5,4,6,5,8,3,7,3,2,4,3,5,3,6,2,4,4,4,3,4,2,3,6,4,3,2,1,3,4,4,3.945945946,1.482245458
0.11,3,4,4,4,6,2,3,5,4,4,5,3,5,3,5,7,6,2,6,7,4,6,4,3,7,4,8,4,4,7,7,5,4,4,3,4,3,6,4,4,6,4,2,1,3,6,2,3,9,2,3,3,5,4,6,6,4,4,5,5,3,5,3,3,3,2,3,4,2,6,6,3,5,3,3,5,3,8,2,2,5,4,7,5,5,4,3,4,5,3,3,3,5,2,6,8,4,5,4,5,6,3,4,6,3,3,2,3,3,4,2,4.225225225,1.599344665
0.12,3,4,4,4,6,2,3,5,4,4,5,3,5,3,5,6,5,6,6,6,4,6,4,2,8,4,6,4,4,5,4,4,3,4,3,6,3,6,4,4,6,4,3,2,3,6,3,4,8,1,5,3,5,4,6,8,5,4,5,5,4,4,3,3,3,2,5,5,2,6,7,3,8,4,4,9,4,6,3,2,6,4,4,4,8,5,3,5,4,3,3,2,5,4,6,4,3,4,5,4,5,2,3,3,3,3,3,2,2,4,4,4.27027027,1.542995587
0.13,3,5,6,5,6,2,4,5,4,4,5,3,5,4,5,6,4,4,7,7,4,6,5,3,6,4,8,4,4,6,4,4,3,3,3,6,3,5,5,4,5,5,2,2,2,4,2,4,7,2,4,3,5,4,5,5,4,3,3,6,3,3,4,3,3,2,3,6,7,4,10,4,5,5,9,6,4,10,3,3,6,5,5,6,5,6,5,4,5,3,3,3,5,2,5,6,4,5,5,5,6,3,3,4,3,3,2,3,2,3,3,4.378378378,1.612756275
0.14,3,6,6,6,6,2,4,5,5,5,4,3,6,2,5,6,5,3,7,7,4,6,5,4,4,4,7,4,4,6,7,3,3,3,3,6,3,5,5,4,5,5,3,2,3,6,6,4,6,2,4,3,5,5,5,6,3,4,4,3,3,5,3,2,3,3,4,5,4,5,7,3,6,3,9,7,4,7,2,4,6,6,4,7,7,5,4,5,4,2,4,4,5,7,6,4,4,4,4,4,5,2,6,3,3,3,3,2,2,6,2,4.432432432,1.529239987
0.15,3,5,6,7,7,2,4,5,5,5,4,4,5,2,4,6,5,6,7,6,4,6,6,4,5,4,7,4,4,5,5,3,3,3,4,8,3,4,4,5,5,5,4,1,3,4,5,5,6,1,4,3,6,4,4,7,3,4,3,6,2,4,4,2,5,4,5,6,6,6,5,3,5,2,3,5,5,7,4,3,7,5,5,7,9,6,6,6,5,3,3,4,4,6,8,3,5,3,6,5,6,4,5,3,2,3,4,3,6,6,3,4.585585586,1.534265998
0.16,3,5,6,7,6,2,6,5,5,5,4,6,5,2,4,6,6,4,7,5,5,3,5,2,4,4,7,4,4,4,5,2,3,3,6,7,3,4,4,5,5,6,2,3,3,4,5,4,5,2,4,3,6,4,4,9,2,5,5,6,3,5,3,3,3,4,5,5,7,5,6,4,4,4,6,5,5,7,3,4,5,6,3,5,4,8,3,7,5,3,5,5,7,5,8,2,4,4,7,4,7,3,5,5,3,5,4,3,4,6,2,4.576576577,1.510866997
0.17,3,5,6,7,7,1,4,5,5,5,4,5,6,2,4,6,4,3,7,7,5,3,6,6,6,4,6,4,4,5,5,2,4,3,5,6,3,4,5,5,5,6,3,1,3,4,5,5,5,2,4,4,6,4,5,5,4,7,5,7,4,4,3,2,4,2,4,5,5,6,4,2,6,4,5,7,4,4,3,3,5,6,5,4,8,6,3,6,4,2,6,4,7,4,9,3,5,6,6,5,6,5,3,5,3,6,3,5,4,6,3,4.603603604,1.497144429
0.18,3,4,6,7,6,1,4,6,5,6,5,5,5,2,5,7,5,5,7,8,4,3,5,6,6,5,5,4,4,4,8,1,4,4,5,6,3,4,8,4,4,7,3,2,4,4,6,4,5,2,4,4,7,4,5,5,3,5,2,6,4,8,3,6,4,4,4,5,5,6,5,3,5,6,4,8,5,10,3,4,6,7,3,4,3,5,5,5,5,4,3,3,6,6,8,3,4,4,8,7,7,4,5,6,5,5,4,4,4,7,3,4.828828829,1.628573686
0.19,3,4,5,7,7,1,5,6,5,6,5,6,5,2,5,8,6,3,7,9,5,3,3,4,5,5,5,4,4,7,7,2,3,5,5,5,3,4,7,4,4,7,3,3,3,4,7,3,8,2,4,4,7,4,5,6,3,5,2,8,2,5,2,6,4,3,4,4,8,4,5,4,6,5,6,7,4,12,3,4,7,9,4,2,7,6,3,6,6,4,4,4,6,7,7,5,6,5,10,5,6,4,4,5,5,3,3,4,4,8,3,4.927927928,1.891183909
0.2,3,4,3,6,8,1,3,6,6,6,4,5,6,2,6,6,6,8,7,7,4,4,5,6,4,5,5,4,3,5,10,2,4,4,5,6,3,4,5,4,4,8,2,2,5,5,9,4,7,2,4,4,6,5,3,7,3,3,5,9,2,4,3,5,5,2,5,3,8,7,6,4,6,3,6,7,4,11,5,5,7,7,6,4,6,5,5,4,4,4,4,9,3,6,11,1,5,5,7,4,7,5,4,5,5,4,2,5,5,9,3,4.990990991,1.988583303
0.21,3,4,3,6,8,1,4,6,6,7,4,5,6,3,6,8,7,5,7,6,3,4,5,6,6,5,5,4,3,7,6,2,3,5,5,5,3,4,5,5,4,7,2,2,3,4,8,4,7,2,4,5,6,5,4,4,3,2,3,8,3,5,3,5,5,3,5,5,8,6,5,3,9,3,6,7,4,9,2,5,8,7,6,6,5,5,4,5,5,4,4,5,3,6,10,3,5,4,5,5,6,4,3,5,3,4,2,4,6,8,2,4.828828829,1.783122256
0.22,3,4,3,7,7,1,3,8,5,7,8,4,7,2,7,5,7,2,7,6,3,4,5,4,5,8,5,4,4,4,7,2,4,5,3,4,3,4,4,5,4,7,2,4,4,5,5,5,7,2,5,7,6,5,5,4,5,4,2,8,3,5,1,6,4,3,4,4,7,5,3,4,5,5,8,8,4,11,3,4,6,14,7,6,5,4,3,6,6,4,3,4,3,5,13,3,6,4,6,2,5,5,3,3,5,4,3,5,7,10,2,4.90990991,2.180698593
0.23,3,3,3,6,6,1,4,4,6,7,7,4,5,3,7,6,7,4,8,6,3,2,5,4,7,5,5,4,5,4,7,2,4,5,3,5,3,4,4,4,4,6,2,4,4,6,5,4,7,2,5,7,5,5,3,4,2,4,3,7,3,6,2,6,3,2,6,4,6,4,5,2,8,5,9,7,3,8,3,7,6,11,6,5,5,6,6,3,5,3,4,4,3,3,10,5,5,7,6,4,7,5,5,4,5,3,2,3,4,12,2,4.792792793,1.959207247
0.24,3,3,4,7,6,1,4,4,5,7,8,2,7,3,6,3,5,3,6,6,3,5,6,2,6,5,5,4,7,5,8,2,3,5,3,5,3,4,4,6,5,7,1,4,4,8,5,3,9,2,5,7,5,6,3,3,5,3,3,6,2,7,1,6,6,2,3,4,7,7,4,3,5,3,6,7,3,7,3,6,4,10,4,5,6,4,2,4,6,4,4,4,3,4,8,2,5,5,6,3,4,5,3,4,5,4,3,6,5,8,3,4.621621622,1.82932702
0.25,3,3,5,8,5,1,3,4,6,7,6,2,7,3,6,4,8,4,6,8,3,5,6,4,6,4,5,4,7,3,8,2,3,5,3,5,3,4,4,6,5,7,2,3,3,5,5,2,8,2,5,8,5,5,2,4,2,3,3,6,1,8,3,4,4,2,5,2,5,5,7,3,5,5,7,6,3,7,5,8,4,12,4,5,7,3,3,4,6,3,6,4,8,5,9,4,6,6,7,3,7,4,3,4,8,4,3,6,6,6,3,4.792792793,1.977680538
0.26,3,5,5,6,5,1,2,5,7,8,7,2,6,4,8,3,7,5,6,7,5,5,6,3,5,4,6,4,7,3,6,2,3,5,4,6,3,6,4,7,5,6,2,4,3,4,5,3,7,2,5,8,5,5,3,6,1,3,3,5,3,6,2,4,3,2,2,3,7,9,6,4,4,3,7,7,3,10,4,6,4,8,5,8,8,3,5,5,8,3,4,3,7,5,7,3,6,6,3,4,7,3,4,4,7,5,3,6,5,8,3,4.828828829,1.901549004
0.27,3,5,6,7,4,1,3,5,7,7,5,2,7,4,7,4,6,2,6,4,4,4,7,3,6,4,5,3,7,3,8,3,3,5,5,6,3,4,5,6,6,5,2,3,4,5,4,3,8,2,5,8,7,6,2,6,3,1,3,6,2,5,1,10,2,3,3,2,7,8,4,4,4,4,8,7,3,8,4,8,4,6,4,6,6,5,3,6,8,5,6,4,7,5,8,4,6,5,6,2,6,6,5,6,7,3,3,7,5,9,2,4.864864865,1.956278873
0.28,3,5,6,5,5,1,4,4,8,7,4,2,7,4,6,3,7,5,6,4,4,3,6,4,2,4,5,3,8,4,6,3,3,5,5,5,3,3,6,6,7,5,2,3,3,5,4,1,9,1,5,8,7,6,1,5,1,2,4,9,2,5,2,7,4,3,3,3,5,7,3,2,6,4,13,5,3,8,3,5,3,4,5,4,8,4,3,4,7,5,5,4,6,5,10,2,7,6,6,3,5,6,4,5,5,5,3,7,5,5,2,4.666666667,2.059714602
0.29,2,4,5,5,5,1,4,4,6,9,5,2,8,4,6,4,4,4,8,5,4,4,7,2,4,4,6,3,6,3,6,1,2,6,5,5,3,3,5,7,6,6,2,4,5,7,4,2,7,1,5,8,11,5,4,5,3,3,3,7,2,4,2,11,3,3,4,2,5,10,3,2,6,5,12,10,2,6,3,6,6,4,4,5,8,4,4,6,8,6,4,4,7,4,9,1,6,4,4,4,6,4,4,2,6,4,5,6,3,10,2,4.810810811,2.274417062
0.3,2,4,5,6,5,1,3,2,5,9,5,2,8,4,6,4,5,4,11,5,3,3,5,3,5,4,5,3,6,3,5,2,2,4,5,4,3,3,4,7,6,6,2,5,4,6,6,3,8,1,6,9,8,4,4,3,1,2,3,7,2,2,2,6,5,3,5,2,5,11,5,2,8,4,10,9,3,7,3,8,8,7,4,5,6,4,3,7,10,4,5,3,8,5,6,4,6,6,2,2,4,3,3,4,8,5,5,7,4,6,2,4.747747748,2.229832723
0.31,2,5,4,5,2,1,3,2,4,9,7,2,6,4,7,3,5,3,8,5,4,3,5,3,4,4,6,4,5,3,2,1,2,3,5,5,4,3,4,7,5,5,3,2,3,9,4,3,7,1,6,10,7,4,3,4,1,3,3,6,1,5,2,6,4,4,2,1,6,14,4,3,8,3,10,6,4,6,4,5,7,7,10,8,5,4,3,6,8,4,4,4,8,5,3,3,5,4,3,4,5,5,3,6,7,4,4,5,3,7,2,4.567567568,2.250743803
0.32,2,4,4,7,2,1,4,2,5,10,7,2,6,4,8,5,6,8,7,6,4,2,6,3,3,4,5,3,6,4,3,2,2,3,5,5,4,3,4,7,5,4,3,3,3,7,6,2,7,1,5,11,7,3,1,5,1,4,4,10,1,3,2,8,3,3,5,2,5,10,6,4,8,3,10,7,3,7,2,6,5,6,6,9,5,4,2,7,6,5,4,5,7,3,5,2,5,5,2,3,5,4,2,9,7,3,3,9,3,4,3,4.648648649,2.298808579
0.33,2,4,6,6,2,1,3,4,5,13,7,4,5,3,6,5,3,4,9,9,4,4,4,3,4,6,5,3,7,4,2,5,2,3,4,5,4,2,4,4,5,4,3,3,4,5,4,2,7,1,5,10,6,4,2,4,1,2,2,9,1,4,1,5,3,3,2,2,4,7,5,2,9,2,10,9,3,7,2,8,6,5,5,8,4,3,1,4,5,4,4,4,7,4,5,3,6,2,2,1,7,4,2,4,6,3,4,5,4,5,4,4.351351351,2.242760672
0.34,2,4,5,6,4,1,3,3,5,9,5,3,7,3,4,3,5,4,9,7,3,5,3,3,3,6,5,3,6,3,1,4,2,3,4,6,2,2,3,6,5,4,3,3,2,6,8,2,8,1,6,11,6,4,1,4,1,3,2,9,1,3,1,5,3,3,4,2,6,6,4,5,7,3,11,7,3,9,2,9,6,5,7,4,4,4,2,7,7,5,3,5,6,5,5,3,5,2,1,3,7,5,1,5,6,5,3,5,7,5,1,4.387387387,2.236763779
0.35,2,4,5,7,3,1,2,3,4,9,5,3,7,4,5,4,3,5,8,6,4,4,4,2,3,5,5,3,6,3,2,4,2,4,4,5,2,2,3,6,5,5,3,3,3,3,5,2,5,1,5,10,6,4,2,5,1,2,2,6,1,6,1,5,3,3,4,2,6,9,7,2,7,2,11,8,3,9,1,7,6,5,6,5,5,6,3,5,6,5,4,4,6,5,4,2,5,2,1,2,5,5,3,4,5,5,3,3,7,5,2,4.252252252,2.060310958
0.36,2,5,6,8,2,1,2,2,5,9,5,4,6,4,3,5,3,3,8,6,3,5,4,2,2,5,6,3,9,6,2,4,2,5,4,6,2,2,3,6,5,4,3,4,3,5,5,3,3,1,4,9,6,4,2,6,1,3,2,4,1,3,1,5,2,3,4,2,4,8,4,4,4,2,8,10,3,10,2,8,5,6,9,6,5,5,2,5,7,5,5,4,5,4,3,2,6,2,1,2,4,5,1,5,5,4,2,4,5,7,2,4.216216216,2.133735118
0.37,2,5,6,6,2,1,2,2,5,8,4,3,5,4,3,4,1,3,9,6,3,4,5,2,2,5,6,3,9,6,1,6,2,4,3,4,2,2,3,6,5,4,3,3,3,7,4,2,7,1,4,10,6,3,2,6,1,2,3,8,1,3,1,6,3,2,2,1,4,7,6,4,6,1,8,6,2,7,1,4,3,6,6,4,7,4,5,3,7,4,4,4,7,2,3,2,4,2,1,1,6,5,4,5,5,5,3,4,5,7,1,4.027027027,2.108249853
0.38,2,5,10,5,2,1,3,2,3,9,5,3,7,4,3,2,1,3,5,8,3,6,5,1,2,5,5,3,6,5,2,3,2,4,3,4,1,5,3,5,5,3,3,2,2,3,7,2,6,1,5,12,6,3,3,5,1,2,2,7,1,4,1,6,4,2,3,2,4,5,7,4,6,2,9,8,2,7,2,6,3,8,8,4,5,5,6,4,6,5,4,2,9,5,4,2,5,1,1,2,6,7,3,6,5,2,2,4,2,8,3,4.126126126,2.280817705
0.39,2,5,7,5,3,1,3,2,3,9,5,2,7,4,5,2,1,3,5,11,3,4,6,2,2,5,4,3,5,3,3,2,2,3,3,2,1,4,3,6,8,3,2,2,4,6,3,2,9,1,6,12,6,3,3,5,1,3,2,5,1,4,1,6,4,2,3,2,4,5,5,4,7,2,9,8,2,6,2,6,4,7,8,5,3,7,5,3,6,4,3,4,10,4,3,1,4,1,1,3,4,6,2,8,6,1,3,4,4,5,3,4.072072072,2.314820675
0.4,2,5,3,6,3,0,1,2,3,9,4,2,5,4,3,4,1,5,6,10,4,6,4,1,3,5,4,2,5,5,2,2,2,3,3,2,1,4,4,7,6,4,3,2,3,2,3,2,11,1,5,10,6,6,4,4,4,2,2,9,1,6,1,5,4,2,2,2,3,3,6,2,5,1,7,4,2,6,2,4,5,8,8,5,3,5,3,6,6,4,3,2,6,3,4,2,4,1,1,3,6,5,2,7,6,2,3,5,4,4,3,3.900900901,2.165661583
0.41,2,5,3,8,3,0,1,2,4,8,4,2,4,4,3,3,3,4,5,9,5,5,4,2,3,5,5,2,5,3,2,2,2,3,2,3,2,4,6,8,6,4,3,2,3,4,4,2,10,1,6,12,6,4,2,8,4,3,2,6,5,3,1,7,2,2,3,2,5,5,6,4,5,1,7,3,2,6,2,8,6,6,5,4,4,5,3,8,5,4,5,4,7,3,4,1,4,1,3,2,6,5,2,5,5,1,4,5,5,4,2,4.045045045,2.116546876
0.42,3,5,3,7,4,0,1,2,3,9,7,2,3,4,3,2,2,3,7,11,5,3,2,2,5,6,6,2,5,3,3,2,2,3,2,4,2,4,5,7,7,4,3,1,3,4,2,2,11,1,5,12,6,4,3,7,6,4,2,5,1,3,1,6,2,2,3,2,4,5,7,2,6,1,5,2,1,6,1,5,7,8,8,5,6,3,4,6,7,6,4,4,6,4,5,2,4,1,2,2,6,5,2,2,5,3,3,6,2,6,2,4.027027027,2.313829802
0.43,2,4,3,8,5,1,1,3,7,7,5,4,4,4,4,2,1,6,7,8,5,6,3,2,3,5,8,2,5,3,3,2,2,3,2,7,1,4,7,8,7,4,3,2,3,5,7,2,8,1,5,11,7,5,1,5,5,6,1,4,1,4,2,7,3,2,5,3,5,7,5,3,5,2,6,3,1,5,2,3,6,6,7,6,4,6,4,5,5,4,4,7,5,2,4,1,4,1,3,2,7,4,2,3,3,3,6,3,3,7,2,4.162162162,2.117204592
0.44,1,4,3,8,4,0,1,3,6,5,4,4,2,4,4,3,2,3,6,8,5,6,3,3,3,5,7,2,5,3,2,2,2,3,1,7,1,4,6,6,7,4,3,2,3,6,5,2,10,1,6,11,6,5,2,5,5,5,1,6,1,4,1,6,2,1,5,2,7,6,4,3,4,2,9,4,2,3,2,2,3,3,6,5,4,5,3,5,6,5,4,5,7,3,3,2,4,1,2,1,5,4,2,5,3,2,4,5,1,6,1,3.882882883,2.105139765
0.45,1,6,4,8,2,0,1,2,4,5,4,1,5,4,3,3,2,5,5,8,5,8,3,2,2,5,6,2,5,3,4,2,2,2,1,6,1,5,6,5,7,4,3,2,3,5,5,2,9,1,6,12,4,4,2,5,5,4,3,2,1,4,1,5,3,1,6,3,3,5,4,5,4,3,8,2,2,4,1,2,3,4,7,7,4,4,5,5,3,5,4,6,3,2,4,2,4,1,2,2,5,3,3,4,3,2,3,5,1,4,2,3.738738739,2.025795968
0.46,1,6,5,6,1,0,1,2,3,4,4,1,3,4,3,2,3,4,4,7,5,6,3,4,2,6,5,2,5,3,2,2,2,1,1,6,1,5,6,5,7,3,3,2,3,5,6,2,8,1,7,11,4,3,1,5,3,3,3,3,1,3,1,4,2,1,9,4,2,5,4,1,5,3,9,5,2,3,2,2,2,4,9,7,6,3,7,4,5,4,5,5,3,4,2,3,4,1,2,1,8,4,2,5,5,1,1,3,1,2,2,3.621621622,2.157667318
0.47,1,5,6,9,1,0,1,3,2,2,5,1,3,4,2,2,2,4,4,8,5,7,3,5,3,6,5,1,5,2,3,1,2,1,1,4,1,5,6,7,7,3,3,3,3,3,3,2,12,1,4,9,4,2,2,3,3,2,4,4,3,1,3,6,2,1,3,4,4,3,3,3,5,3,8,4,2,3,2,3,3,4,10,7,7,2,2,5,6,4,3,3,8,2,4,2,4,1,2,1,5,3,2,5,4,1,1,3,1,5,2,3.540540541,2.198279425
0.48,1,5,6,11,1,0,1,3,2,2,4,2,5,4,1,3,3,3,5,12,4,8,6,3,3,4,5,2,5,3,5,1,2,1,1,5,1,5,8,7,8,3,2,3,3,4,4,2,10,1,4,9,4,3,2,2,2,4,3,4,2,2,2,2,2,1,4,2,3,3,1,3,5,3,7,2,2,5,3,3,4,5,8,5,7,4,1,7,4,5,4,5,8,4,4,2,4,1,2,1,4,4,2,5,4,1,1,2,1,3,2,3.612612613,2.288990135
0.49,0,5,5,8,1,0,1,3,2,3,3,2,3,4,1,2,2,4,6,5,4,6,5,3,2,4,7,2,5,3,4,1,2,1,1,6,1,5,7,7,9,4,2,3,5,6,4,3,10,1,3,11,4,2,2,4,4,4,4,4,2,4,2,2,2,1,5,2,2,3,4,2,3,3,8,6,2,5,2,1,3,4,5,8,6,7,2,5,7,5,4,5,6,5,3,2,4,1,1,3,3,4,3,4,5,1,4,4,1,3,2,3.657657658,2.125582254
0.5,0,5,6,7,2,0,1,3,3,5,4,2,2,4,2,2,3,4,6,6,4,5,6,4,2,4,8,2,5,3,4,1,2,1,1,4,1,3,8,6,8,4,2,3,4,7,3,2,12,1,3,9,4,2,1,5,2,2,4,5,2,4,2,5,2,1,3,2,2,2,4,4,3,3,8,5,1,3,2,4,2,6,6,9,6,5,2,5,4,4,2,6,9,5,2,2,4,1,1,3,6,4,3,4,4,1,2,4,1,3,3,3.648648649,2.189431843
0.51,0,5,5,7,2,0,1,4,4,4,4,1,4,4,2,3,3,3,6,6,4,10,6,3,2,5,8,2,5,4,2,1,2,1,1,2,1,3,6,5,10,3,2,3,4,5,4,2,13,1,3,9,3,2,2,3,1,3,4,4,2,3,2,5,2,2,3,2,3,2,7,3,2,3,5,4,2,4,2,1,5,2,6,10,8,5,3,5,4,5,6,6,7,4,2,2,5,1,1,3,2,3,3,4,3,1,1,2,1,4,2,3.576576577,2.290492403
0.52,0,5,4,6,2,0,1,4,4,4,2,1,4,4,3,3,5,5,5,4,4,6,4,3,3,6,7,0,5,3,3,1,2,1,2,3,1,3,5,5,9,4,2,3,4,4,4,2,3,1,4,8,4,4,2,4,1,2,4,4,2,6,3,4,2,2,3,2,5,3,3,2,2,2,7,6,2,5,2,1,5,4,6,9,7,3,1,4,4,5,3,4,7,2,2,2,6,1,1,3,4,5,2,3,3,1,1,2,1,3,3,3.396396396,1.869755839
0.53,0,4,5,7,1,0,1,5,2,5,4,1,3,4,2,2,5,3,2,6,3,5,6,4,5,6,7,1,5,2,4,1,3,1,0,3,1,3,5,5,8,4,2,3,4,3,7,2,5,1,5,9,5,4,4,3,2,2,5,4,2,3,3,6,2,2,4,2,3,2,3,2,4,2,7,4,1,4,2,1,6,3,7,9,5,3,1,7,5,4,2,6,4,2,3,2,5,1,1,3,2,4,2,3,3,1,4,2,1,3,3,3.423423423,1.951920032
0.54,0,4,4,7,1,0,1,4,3,4,3,1,4,4,3,2,5,4,1,5,3,5,6,3,6,5,7,1,5,3,2,1,3,0,0,4,1,3,5,4,10,5,2,3,4,5,6,2,4,2,7,11,3,3,3,3,4,3,4,5,4,3,3,7,2,2,2,2,4,2,3,3,3,1,9,4,1,3,3,2,7,2,3,10,4,2,2,9,7,5,4,5,5,2,3,2,4,1,1,3,4,2,3,5,1,1,1,2,1,3,1,3.459459459,2.181674852
0.55,0,4,4,7,1,0,1,3,5,3,2,2,3,5,3,2,5,4,1,4,3,3,11,4,6,6,6,0,5,3,2,1,2,0,0,3,1,3,7,4,8,3,2,3,4,4,5,2,6,2,6,11,2,3,1,3,1,3,4,4,3,3,4,5,2,2,1,2,5,2,3,2,2,1,6,7,2,3,3,1,4,3,5,9,3,2,3,6,8,5,2,6,5,2,4,2,5,1,1,3,4,2,3,4,2,1,1,2,1,2,2,3.315315315,2.157363635
0.56,0,4,4,5,1,0,1,3,5,2,4,1,5,4,2,2,4,5,1,5,2,6,4,5,5,5,8,0,5,3,3,1,2,0,0,4,0,3,6,3,10,3,2,3,4,5,4,2,7,2,7,12,3,2,3,3,1,1,4,4,3,2,3,3,3,2,2,3,3,5,2,3,2,1,7,10,1,3,3,3,5,2,5,8,6,2,1,5,9,5,3,4,5,2,3,3,4,1,2,3,4,3,4,4,3,1,1,1,1,1,2,3.351351351,2.22240103
0.57,0,5,5,6,1,0,1,3,5,2,5,1,4,4,3,2,4,5,1,5,2,6,4,5,3,5,7,0,5,3,4,1,2,0,0,3,1,2,7,3,8,4,2,4,5,2,3,2,10,2,5,11,4,2,3,2,2,2,4,5,3,5,3,4,3,1,2,2,3,2,1,3,2,1,6,5,2,3,3,5,6,3,5,5,4,2,1,9,6,5,2,5,6,1,2,3,3,1,1,4,4,3,4,4,2,1,1,1,2,2,1,3.288288288,2.086264114
0.58,0,4,6,7,1,0,1,2,2,0,6,1,4,4,5,1,4,3,2,5,1,4,4,4,5,5,6,0,5,2,5,1,2,0,0,4,1,2,7,3,8,3,2,4,4,4,5,2,9,1,5,10,3,3,1,2,1,1,3,4,3,4,3,2,3,1,2,3,3,2,1,5,2,1,3,5,2,4,2,4,4,4,6,8,4,4,3,5,4,4,3,7,6,1,3,3,4,1,2,4,2,3,4,6,2,1,1,1,2,4,2,3.216216216,2.024420929
0.59,0,4,6,8,1,0,1,1,1,0,6,1,3,3,4,1,4,4,4,4,1,6,3,4,3,4,6,0,5,3,4,2,2,0,0,3,0,2,6,5,6,3,2,4,3,3,5,2,6,2,5,9,4,3,1,2,2,2,3,4,3,5,3,2,3,1,1,3,3,2,1,2,2,1,4,5,2,4,2,4,8,3,4,9,5,5,3,8,5,4,4,5,5,1,2,3,4,1,2,4,3,3,4,5,2,1,1,1,1,6,2,3.18018018,1.99635212
0.6,0,3,7,4,1,0,1,2,1,0,5,2,3,3,3,1,4,4,3,6,2,4,4,4,4,4,7,0,5,3,4,2,3,0,0,2,0,2,8,5,6,3,2,4,3,2,4,2,11,2,5,8,5,1,1,3,3,2,3,4,3,4,3,2,2,1,1,2,2,2,1,3,2,1,9,4,2,6,2,5,6,4,7,4,6,4,1,7,4,4,4,5,6,1,2,3,4,1,1,4,4,3,4,6,2,1,1,2,2,5,2,3.216216216,2.086342626
0.61,0,3,7,4,2,0,1,1,3,0,6,2,4,4,3,1,4,5,2,5,1,3,5,4,3,4,5,0,5,1,5,2,4,0,0,2,0,2,7,4,7,3,2,4,4,4,3,2,5,3,4,8,4,2,1,2,4,2,5,4,4,5,3,2,3,1,2,2,4,2,2,2,2,1,9,5,1,4,2,3,8,3,5,6,5,4,3,5,4,4,4,5,6,1,2,4,4,1,1,4,3,3,4,4,2,2,1,2,1,3,2,3.171171171,1.867783684
0.62,0,3,9,5,2,0,1,1,3,0,7,2,2,3,3,1,4,4,1,4,0,4,4,5,3,4,4,0,5,2,5,2,4,0,1,2,0,2,6,5,7,3,2,4,4,4,5,2,10,1,4,9,3,1,1,2,1,1,5,4,3,6,4,3,3,1,2,2,2,2,1,1,2,1,9,4,1,3,3,2,7,5,10,8,5,5,3,5,4,4,4,4,5,1,2,4,4,1,1,4,5,2,4,9,2,2,2,1,1,3,2,3.243243243,2.269225804
0.63,0,3,13,3,1,0,1,1,4,0,7,0,3,3,6,1,4,4,2,2,1,3,5,3,5,4,3,0,5,3,4,2,2,0,2,1,1,2,2,5,6,3,2,4,3,3,3,2,7,1,4,9,9,3,1,3,2,1,4,4,4,8,3,5,3,1,2,2,4,2,1,1,2,1,5,4,3,1,3,3,5,2,12,5,5,4,3,3,3,4,4,5,6,1,2,4,4,1,1,4,3,2,4,5,2,2,1,1,2,4,1,3.135135135,2.250197916
0.64,0,2,11,3,2,0,1,1,4,0,6,0,4,4,3,1,4,4,2,3,1,3,7,3,5,5,4,0,5,3,4,2,2,0,2,1,0,2,1,6,4,4,2,4,3,3,4,2,7,3,4,7,6,2,1,4,2,1,3,3,4,10,4,7,2,1,2,2,7,2,1,1,2,1,5,3,2,2,3,1,5,2,11,7,5,4,3,3,4,4,5,5,6,2,2,4,4,1,1,4,3,2,4,4,2,2,1,1,1,3,1,3.135135135,2.18460101
0.65,0,4,9,4,1,0,1,0,0,0,3,0,3,3,3,1,4,4,1,4,0,3,7,4,5,3,5,0,6,2,4,2,2,0,2,1,0,2,2,7,5,4,2,4,3,3,3,2,6,1,4,5,3,2,2,4,5,2,2,4,3,3,3,6,2,1,3,2,4,2,2,1,2,1,5,5,2,1,3,2,3,4,6,8,5,5,4,3,3,4,4,3,6,2,2,4,3,1,1,4,3,2,3,6,2,2,1,1,1,4,1,2.900900901,1.858420419
0.66,0,3,12,3,1,0,1,0,1,0,4,0,5,2,2,1,3,4,0,3,0,2,4,4,4,3,6,0,6,1,5,2,2,1,2,2,0,2,2,6,6,3,2,4,4,3,3,2,4,1,4,7,4,2,2,4,6,3,2,4,3,4,3,5,1,1,5,2,5,3,2,2,2,1,6,3,2,2,3,1,4,2,7,7,5,6,2,7,5,4,3,3,6,2,2,4,2,1,1,4,5,2,3,5,2,2,2,1,1,3,1,2.963963964,2.008744194
0.67,0,3,9,2,1,0,1,0,3,0,4,0,2,3,0,2,3,5,1,2,0,4,4,4,4,3,6,0,6,1,3,2,2,1,2,1,0,2,2,6,5,4,2,4,4,3,3,2,7,1,6,11,5,2,1,5,5,1,3,4,3,5,3,6,1,1,3,2,5,2,2,2,2,1,4,2,2,2,3,1,6,4,9,7,5,5,3,5,8,4,3,3,5,3,2,4,4,1,1,4,4,2,2,6,2,2,2,1,2,2,1,3.027027027,2.116856415
0.68,0,5,13,1,2,0,1,0,2,0,5,1,4,2,1,0,2,4,1,1,1,5,4,4,3,2,4,0,4,1,4,1,2,1,2,3,1,2,5,4,5,4,2,4,2,3,6,2,8,2,3,12,5,1,3,3,7,2,2,2,3,9,3,4,1,1,2,2,3,2,2,3,2,1,6,3,2,2,3,2,5,1,6,4,6,5,4,4,5,4,3,2,3,3,2,4,2,1,1,4,5,2,2,7,2,2,1,1,3,5,1,2.990990991,2.213575863
0.69,0,6,11,1,1,0,1,0,2,0,4,1,4,2,1,0,2,4,1,1,0,3,5,4,3,2,3,0,4,1,3,1,2,2,2,2,1,2,3,4,5,5,1,4,3,3,7,2,8,1,2,11,5,1,2,3,5,3,2,2,3,6,3,4,2,1,2,2,5,2,2,3,2,1,6,5,2,2,3,3,7,4,6,5,5,3,3,3,5,4,3,4,5,2,2,4,2,1,1,4,5,2,2,5,2,2,1,1,3,4,1,2.918918919,2.041101018
0.7,0,6,6,2,1,0,2,0,1,0,6,1,5,1,2,0,2,4,0,1,0,2,5,4,2,2,2,0,4,1,3,1,2,1,2,3,1,2,3,5,7,4,1,3,3,4,4,3,10,1,4,11,2,2,2,4,5,3,2,3,3,4,2,7,3,1,2,3,2,2,2,3,2,2,6,3,2,2,4,4,6,5,9,5,4,3,2,3,5,4,4,2,7,3,2,4,3,1,2,3,6,2,2,5,2,2,3,1,3,4,1,2.972972973,2.051427261
0.71,0,5,9,4,0,0,2,0,2,0,4,0,3,1,1,0,2,4,1,1,0,2,5,3,2,2,2,0,5,1,4,1,2,0,2,5,0,2,2,4,6,5,1,3,3,5,4,3,5,1,3,10,3,2,2,5,6,3,4,3,2,9,2,7,3,2,2,2,2,2,2,3,2,2,7,7,2,2,3,3,5,2,9,5,6,2,3,2,6,4,4,3,4,3,2,4,3,2,1,3,8,2,2,3,2,2,3,1,3,4,1,2.972972973,2.1211466
0.72,0,5,5,3,0,0,4,0,1,0,6,0,3,1,2,0,2,2,0,2,0,3,4,3,3,2,3,0,4,1,3,2,2,0,2,2,0,2,6,5,6,2,1,3,2,3,3,2,7,1,1,7,4,1,2,4,3,4,3,3,2,9,2,4,4,3,3,3,2,2,2,3,2,2,7,2,3,2,3,4,3,1,5,4,7,2,3,2,6,3,3,2,4,3,2,4,2,2,2,3,5,2,2,6,3,2,2,2,2,2,1,2.711711712,1.78064027
0.73,0,6,5,2,0,0,4,0,1,0,5,0,3,0,3,0,1,1,0,3,0,3,5,4,2,1,3,0,3,1,3,2,3,0,2,3,0,1,5,5,6,0,1,2,2,3,2,2,6,1,1,7,4,2,2,4,3,4,3,2,2,7,2,6,4,2,2,2,2,3,2,3,3,2,8,4,3,1,3,4,3,3,6,5,3,2,3,5,4,3,3,3,4,3,2,4,3,2,2,3,6,2,2,5,3,2,3,2,3,2,1,2.693693694,1.762192812
0.74,0,9,4,9,0,0,3,0,2,0,4,0,3,0,2,0,1,0,0,1,0,3,3,4,2,1,4,0,3,1,3,2,2,0,5,3,0,1,4,5,6,0,2,1,2,4,2,2,7,1,1,7,3,2,3,4,3,3,2,2,2,5,2,1,4,2,2,2,1,2,2,3,3,2,5,4,3,3,3,3,3,2,6,5,5,2,3,3,9,3,3,4,3,4,3,4,2,2,1,3,4,3,2,5,3,2,3,2,3,3,1,2.666666667,1.898963034
0.75,0,4,4,5,0,0,3,0,1,0,3,0,5,0,3,0,1,0,0,1,1,4,4,3,2,1,5,0,3,1,3,2,2,0,5,2,0,1,4,4,5,0,2,1,2,4,2,2,6,1,1,5,3,2,4,4,3,2,2,2,2,6,2,2,4,2,3,2,3,2,2,3,2,2,9,2,3,3,3,3,4,4,3,4,6,2,3,3,8,3,4,3,3,4,3,3,2,2,1,1,5,3,2,5,3,2,3,2,3,4,1,2.603603604,1.71771137
0.76,0,5,4,2,0,0,3,0,3,0,3,0,3,0,4,0,0,0,0,0,1,3,3,3,2,2,8,0,3,1,3,2,2,0,3,2,0,1,3,2,4,1,2,1,2,4,2,3,5,1,1,4,3,1,4,4,4,4,2,2,2,5,2,2,4,2,2,2,3,2,2,3,2,2,9,2,3,2,3,3,8,3,6,5,7,2,5,4,9,3,3,3,3,4,3,3,2,2,1,1,5,3,2,6,3,2,3,2,3,3,1,2.630630631,1.872906967
0.77,0,2,5,1,0,0,3,0,1,0,3,0,3,0,2,0,0,0,0,0,1,3,3,3,2,2,3,0,3,1,3,2,2,0,2,2,0,1,2,2,6,1,3,0,2,3,2,4,8,1,0,7,3,1,4,3,4,6,3,2,2,4,2,4,4,2,3,2,4,2,2,3,2,2,5,3,3,3,4,3,6,4,4,5,9,1,5,3,8,3,2,2,3,4,3,3,2,2,2,1,4,3,2,4,3,2,4,2,3,4,1,2.54954955,1.817784559
0.78,0,2,5,1,0,0,3,0,1,0,5,0,6,0,4,0,0,0,2,0,1,3,3,3,2,2,3,0,4,1,3,2,2,0,2,4,0,1,1,2,6,0,3,0,2,3,4,4,4,1,0,7,3,1,4,3,3,4,2,2,2,3,2,3,4,2,6,2,4,2,2,4,2,2,5,2,3,2,4,6,6,6,5,6,8,1,4,4,7,3,2,3,2,4,3,3,2,3,3,1,4,3,2,5,3,2,4,2,4,3,1,2.657657658,1.831519466
0.79,0,3,2,0,0,0,3,0,0,0,3,0,3,0,0,0,0,0,3,0,0,4,2,3,2,1,3,0,4,1,2,1,1,0,2,4,0,0,1,4,8,0,3,0,2,3,4,3,9,1,0,8,3,0,4,3,3,3,2,2,2,3,2,2,4,2,4,2,4,2,2,4,2,2,6,2,3,5,3,4,6,6,4,2,5,0,4,6,8,3,3,3,3,4,3,3,2,3,3,1,4,2,2,3,3,2,3,2,4,4,2,2.486486486,1.934682802
0.8,0,3,3,0,0,0,3,0,0,0,1,0,3,0,0,0,0,0,1,0,0,3,2,2,2,2,2,0,4,1,2,1,1,0,2,4,0,0,3,3,7,0,3,0,2,2,2,3,7,1,0,6,3,0,5,3,3,3,2,2,2,6,2,5,4,1,4,2,3,3,2,4,2,2,8,2,3,4,3,5,7,4,4,2,4,0,4,6,7,3,2,2,2,4,4,3,2,3,5,1,4,2,2,3,3,2,4,2,3,3,2,2.414414414,1.870675466
0.81,0,3,3,0,0,0,3,0,1,0,3,0,3,0,4,1,0,0,0,1,0,3,3,2,3,2,2,0,5,1,2,1,1,0,2,4,0,0,2,6,7,0,3,0,2,2,3,2,5,1,0,9,3,1,4,3,3,3,2,2,2,6,2,7,4,1,5,2,6,1,2,4,2,1,4,2,2,3,2,4,8,5,3,3,3,0,4,6,6,3,3,2,1,4,4,2,2,3,4,0,4,2,2,2,4,2,3,2,3,5,2,2.477477477,1.920449033
0.82,0,1,4,1,0,0,3,0,0,0,2,0,3,0,5,1,0,0,1,1,0,3,3,2,3,3,2,0,4,1,2,1,1,0,2,3,0,0,2,6,7,0,2,0,2,2,2,2,6,1,0,11,3,3,4,1,3,3,2,1,2,7,2,5,4,1,4,2,5,1,2,4,2,1,4,2,2,3,3,4,4,3,4,3,3,0,5,3,8,3,3,2,2,4,4,2,2,3,5,0,4,2,2,2,4,2,3,3,3,5,2,2.432432432,1.919382579
0.83,0,1,3,1,0,0,2,0,0,0,1,0,5,0,3,0,0,0,2,1,0,4,3,2,3,1,2,0,3,1,1,1,1,0,2,2,0,0,3,4,6,0,2,0,1,2,3,2,9,1,0,10,3,4,4,1,6,3,2,1,2,7,2,3,4,1,4,2,4,2,2,4,2,0,4,2,2,3,3,4,5,7,2,2,4,0,6,4,5,3,2,2,3,4,4,2,2,5,5,0,4,2,2,2,4,2,3,3,3,6,2,2.423423423,1.988830399
0.84,0,2,3,1,0,0,3,0,0,0,0,0,2,0,4,0,0,0,1,0,0,5,2,3,2,1,2,0,3,1,1,1,1,0,2,2,0,0,3,3,5,0,2,0,1,2,3,2,6,1,1,9,2,1,4,1,5,3,2,1,2,5,2,3,4,1,4,2,4,2,2,4,2,0,4,1,2,2,2,4,5,6,2,3,5,0,5,4,4,3,2,2,1,4,4,2,2,3,7,0,5,2,2,4,4,2,3,3,3,7,2,2.27027027,1.843642373
0.85,0,2,4,0,0,0,3,0,0,0,0,0,2,0,4,0,0,0,0,0,0,4,2,3,2,1,3,0,3,1,1,1,1,0,2,2,0,0,4,3,4,0,2,0,1,2,2,2,8,1,1,8,2,0,4,1,6,4,2,1,2,6,2,3,4,1,4,2,4,2,2,4,2,0,4,3,2,2,2,3,8,7,1,2,5,0,5,3,5,3,1,2,1,4,4,2,2,3,4,0,4,2,2,3,4,2,3,3,3,5,2,2.234234234,1.897150758
0.86,0,2,4,1,0,0,3,0,0,0,2,0,3,0,2,0,0,0,1,0,0,4,2,3,2,1,2,0,3,1,1,1,1,0,2,2,0,0,3,3,6,0,2,0,1,2,2,2,6,2,1,9,1,0,4,1,7,2,2,1,2,4,2,3,4,1,4,2,4,3,2,4,2,0,5,3,2,2,2,3,10,6,2,2,5,0,5,3,5,2,1,2,1,4,4,2,2,3,4,0,4,2,1,3,4,2,4,4,3,5,2,2.261261261,1.919809232
0.87,0,2,4,2,0,0,3,0,0,0,1,0,2,0,2,0,0,0,1,0,0,4,3,3,2,1,2,0,4,1,1,1,1,0,2,2,0,0,0,2,3,0,2,0,1,2,2,2,6,2,0,8,2,0,4,1,6,6,2,1,3,4,3,3,4,1,3,2,5,3,2,4,2,0,7,2,2,2,2,3,8,8,2,2,3,0,4,4,6,2,1,2,2,4,4,2,2,4,4,0,4,2,0,6,4,2,4,4,3,5,2,2.279279279,1.950156969
0.88,0,1,4,2,0,0,3,0,0,0,2,0,2,1,4,0,0,0,0,1,0,4,3,3,2,1,2,0,3,1,1,1,1,0,2,4,0,1,3,3,7,0,2,0,1,1,2,2,4,2,0,9,3,1,4,1,6,5,2,1,3,4,3,4,4,0,3,2,5,6,2,4,2,0,8,3,1,2,2,3,7,7,1,2,3,0,4,4,6,3,1,2,3,4,4,2,2,4,4,0,3,2,0,5,4,2,3,4,3,5,3,2.396396396,1.96921433
0.89,0,2,3,4,0,0,3,0,1,0,3,0,2,1,3,0,0,0,0,0,0,4,3,3,2,2,2,0,3,1,1,1,1,0,2,4,0,0,6,3,11,1,2,0,1,1,2,2,3,2,0,9,3,1,4,1,4,4,2,1,3,4,3,4,4,0,3,1,4,3,2,4,2,0,6,3,1,2,2,3,9,6,1,2,3,0,4,3,4,3,1,2,2,4,4,2,2,4,4,0,3,2,0,7,4,1,3,4,3,5,3,2.369369369,2.031246496
0.9,0,1,4,1,0,0,3,0,0,0,2,0,4,0,0,0,0,0,1,1,0,3,3,3,2,2,3,0,3,1,1,1,1,0,3,2,0,0,6,3,6,0,2,0,0,0,3,2,4,2,0,12,1,0,3,1,5,2,2,1,3,3,3,6,4,0,3,1,4,6,2,5,2,0,5,3,2,2,3,3,6,6,1,3,3,0,5,3,4,3,2,2,3,4,3,1,2,4,4,0,3,2,0,3,3,1,4,4,3,4,3,2.243243243,1.973534974
0.91,0,1,3,2,0,0,3,0,0,0,3,0,4,0,0,0,0,0,0,1,0,3,3,3,2,2,4,0,3,1,1,1,0,0,3,3,0,0,2,2,5,0,2,0,0,0,2,2,4,3,0,11,1,1,2,1,3,2,1,1,3,2,3,5,4,0,3,1,5,3,2,4,2,0,3,5,2,2,2,3,10,5,2,4,3,0,4,4,4,3,2,2,1,4,3,1,2,4,5,0,3,2,0,2,3,1,4,4,3,4,3,2.135135135,1.923474538
0.92,0,0,3,2,0,0,3,1,0,0,3,0,5,0,1,0,0,0,0,1,0,3,2,3,2,2,3,0,3,1,1,1,0,0,3,3,0,0,2,2,6,1,2,0,0,0,2,2,5,4,0,13,1,0,2,1,4,2,1,1,3,3,3,4,4,0,3,1,5,3,2,6,2,0,2,8,2,2,2,3,8,7,2,4,2,0,5,4,4,3,1,2,4,4,3,1,2,4,4,0,3,2,0,2,3,1,3,4,3,4,3,2.225225225,2.091909457
0.93,0,0,4,3,0,0,3,1,0,0,2,0,4,0,2,0,0,0,1,0,0,3,3,3,2,1,2,0,3,1,1,0,0,0,3,2,0,0,2,1,6,0,2,0,0,0,3,2,5,4,0,7,0,1,2,2,3,2,1,1,3,5,3,4,4,0,3,1,4,1,2,4,2,0,1,5,2,2,2,3,6,6,2,3,2,0,4,3,4,2,1,2,3,4,3,1,2,4,6,0,2,2,0,2,3,1,3,4,3,4,4,2.027027027,1.723946105
0.94,0,0,5,3,0,0,2,0,0,0,3,0,3,0,2,0,0,0,0,0,0,3,2,3,2,1,2,0,3,1,0,0,0,0,3,2,0,0,2,2,6,0,2,0,0,0,3,2,4,4,0,7,0,0,2,2,3,4,1,2,3,3,3,4,4,0,3,1,4,1,2,4,2,0,3,6,2,3,2,3,3,5,2,5,3,0,4,3,4,2,2,2,3,4,2,1,2,4,5,0,2,2,0,2,3,1,3,4,3,4,4,2.009009009,1.692204025
0.95,0,0,3,2,0,0,2,0,0,0,2,0,4,0,3,0,0,0,0,0,0,3,4,3,1,1,2,0,3,1,0,0,0,0,3,2,0,0,3,2,6,0,2,0,0,0,3,2,4,4,0,9,0,1,2,2,2,4,1,2,3,2,3,4,4,0,3,1,4,1,4,3,2,0,1,6,2,3,1,3,4,6,3,3,5,0,5,3,4,2,2,3,2,3,1,0,3,4,5,0,1,2,0,5,2,1,3,4,3,4,4,2.027027027,1.816387321
0.96,0,0,3,1,0,0,2,0,0,0,4,0,3,0,0,0,0,0,0,0,0,3,2,3,1,0,2,0,3,1,0,0,0,0,3,3,0,0,3,2,4,0,1,0,0,0,2,2,3,4,0,10,0,1,2,2,2,3,1,2,3,2,3,5,4,0,3,1,6,1,4,3,1,0,2,6,2,3,2,4,4,7,3,3,4,0,4,3,4,2,2,4,3,3,1,0,3,4,4,0,1,2,0,7,2,1,3,4,3,4,4,2,1.902151891
0.97,0,0,3,1,0,0,2,0,0,0,3,0,6,0,2,0,0,0,0,0,0,3,2,3,2,0,1,0,3,1,0,0,0,0,2,2,0,0,3,1,3,0,1,0,0,0,2,2,4,4,0,8,0,0,2,2,2,3,1,2,3,3,3,4,4,0,2,1,4,1,4,3,1,0,1,3,2,3,2,4,6,5,3,4,4,0,5,3,4,2,2,4,2,3,1,0,2,4,4,0,1,2,0,3,2,1,3,4,3,4,4,1.882882883,1.720141319
0.98,0,0,3,0,0,0,2,0,0,0,4,0,5,0,1,0,0,0,0,0,0,3,2,3,1,0,1,0,4,1,0,0,0,0,2,1,0,0,4,1,3,0,1,0,0,0,3,2,5,5,0,8,0,0,2,2,2,4,1,2,2,4,3,5,4,0,2,1,4,1,4,3,1,0,1,3,2,3,2,5,6,8,4,3,4,0,5,5,4,2,1,4,3,3,1,0,3,4,4,0,1,2,0,3,2,2,2,4,4,4,4,1.981981982,1.906839279
0.99,0,0,2,0,0,0,2,0,0,0,4,1,3,0,1,1,0,0,0,0,0,2,2,3,1,0,1,0,3,1,0,0,0,0,3,3,0,0,2,1,4,0,1,0,0,0,4,2,2,4,0,11,0,0,2,2,2,4,1,2,2,4,2,4,3,0,1,0,3,1,4,3,1,0,1,4,2,3,2,3,10,4,5,3,3,0,4,4,4,2,1,4,4,2,0,0,2,4,4,0,0,2,0,3,2,2,2,4,2,4,4,1.846846847,1.931547652
1,0,0,2,1,0,0,2,0,0,0,3,0,3,0,1,0,0,0,0,0,0,2,2,2,1,0,1,0,3,1,0,0,0,0,3,2,0,0,1,2,4,0,1,0,0,0,3,2,2,4,0,10,0,0,1,2,2,4,0,2,2,3,2,4,2,0,1,0,3,1,4,3,1,0,1,4,2,3,2,3,9,4,5,3,3,0,4,5,4,2,1,4,2,2,0,0,2,4,4,0,0,2,0,3,2,2,2,4,2,4,4,1.738738739,1.83259236
1.01,0,0,2,1,0,0,1,0,0,0,1,0,3,0,1,0,0,0,0,0,0,2,3,2,1,0,1,0,2,1,0,0,0,0,4,1,0,0,1,2,4,0,1,0,0,0,3,2,3,4,0,8,0,1,0,2,2,3,0,2,2,3,1,4,2,0,1,0,2,1,4,2,1,0,1,3,2,3,2,3,9,3,4,3,4,0,5,5,4,2,1,4,3,2,0,0,2,4,4,0,0,2,0,4,2,2,2,4,2,4,4,1.675675676,1.758936467
1.02,0,1,3,2,0,0,1,0,0,0,1,0,3,1,1,0,0,0,0,0,0,2,1,2,1,0,2,0,1,1,0,0,0,0,3,2,0,0,3,1,3,0,1,0,0,0,3,2,5,4,0,7,0,0,0,2,2,3,0,2,1,3,1,4,2,0,1,0,2,1,4,1,1,0,1,3,2,4,2,3,6,4,5,3,4,0,4,5,4,2,1,4,3,2,0,0,2,4,4,0,0,2,0,3,2,2,1,4,2,4,4,1.648648649,1.649510388
1.03,0,0,2,1,0,0,1,0,0,0,0,0,3,1,2,0,0,0,0,0,0,2,1,2,1,0,3,0,2,1,0,0,0,0,3,3,0,0,1,1,4,0,1,0,0,0,3,2,5,4,0,6,0,0,0,2,2,2,0,2,1,4,1,4,2,0,1,0,2,1,4,1,1,0,1,4,2,4,2,3,11,4,5,3,4,0,4,5,4,2,1,4,3,2,0,0,2,4,4,0,0,2,0,4,2,2,1,3,2,3,4,1.675675676,1.829864189
1.04,0,1,3,1,0,0,1,0,0,0,0,0,4,0,2,1,0,0,0,0,0,2,1,2,1,0,2,0,3,1,0,0,0,0,3,3,0,0,2,1,2,0,1,0,0,0,2,2,4,4,0,6,0,0,0,2,2,2,0,1,1,3,1,4,2,0,1,0,2,1,4,1,1,0,2,4,2,4,2,3,7,5,3,3,3,0,4,4,4,2,2,2,4,2,0,0,2,4,4,0,0,2,0,3,2,2,1,3,2,3,4,1.594594595,1.586181111
1.05,0,0,4,2,0,0,1,0,0,0,1,0,4,1,2,1,0,0,0,0,0,1,1,2,1,0,2,0,3,2,0,0,0,0,2,1,0,0,2,1,2,0,1,0,0,0,3,2,3,4,0,6,0,0,0,2,2,2,0,1,1,4,1,5,2,0,1,0,2,2,4,1,1,0,2,5,2,4,2,3,7,4,4,5,3,0,3,5,4,2,2,1,5,2,0,0,2,3,4,0,0,2,0,3,2,2,1,3,2,3,4,1.63963964,1.650304615
1.06,0,0,3,0,0,0,1,0,0,0,1,0,3,1,0,0,0,0,0,0,1,1,1,2,1,0,1,0,2,2,0,0,0,0,2,3,0,0,1,1,3,0,0,0,0,0,3,2,5,4,0,3,1,0,0,2,2,2,0,1,1,6,1,4,2,0,1,0,2,2,4,1,1,0,2,5,2,4,2,3,9,4,4,3,3,0,3,4,6,3,2,0,4,1,0,0,2,3,4,0,0,2,0,3,2,2,1,2,3,3,4,1.576576577,1.708532329
1.07,0,0,1,0,0,0,1,0,0,0,1,0,4,0,0,0,0,0,0,0,0,1,1,2,1,0,1,0,3,2,0,0,0,0,1,2,0,0,1,1,3,0,0,0,0,0,2,2,6,4,0,3,1,0,0,2,2,2,0,1,1,4,1,4,2,0,1,0,2,2,4,0,1,0,2,6,2,4,2,3,8,5,7,4,3,0,3,3,4,3,2,0,3,1,0,0,2,3,5,0,0,2,0,4,1,2,1,2,3,3,4,1.531531532,1.751984951
1.08,0,0,3,1,0,0,1,0,0,0,2,0,4,0,0,0,0,0,0,0,0,1,1,2,1,0,1,0,4,2,0,0,0,0,1,2,0,0,1,1,2,1,0,0,0,0,2,2,4,2,0,6,0,0,0,2,1,2,0,1,1,3,1,4,2,0,1,0,2,3,4,0,1,0,1,4,2,4,2,2,10,4,4,4,3,0,3,4,4,3,2,0,3,0,0,0,2,3,4,0,0,2,0,4,1,2,1,1,3,3,4,1.477477477,1.704789226
1.09,0,0,2,1,0,0,1,0,0,0,1,0,4,0,1,0,0,0,0,0,0,1,1,2,1,0,1,0,2,2,0,0,0,0,2,2,0,0,2,1,2,0,0,0,0,0,2,2,4,2,0,4,0,0,0,2,1,2,0,1,1,4,1,4,2,0,0,0,2,2,4,0,1,0,1,4,2,4,2,3,10,4,4,3,4,0,4,4,4,2,3,0,3,0,0,0,2,3,4,0,0,2,0,4,1,2,1,1,3,2,4,1.441441441,1.666158809
1.1,0,0,2,0,0,0,0,0,0,0,0,0,4,0,0,0,0,0,0,0,0,1,1,2,1,0,1,0,2,2,0,0,0,0,3,1,0,0,4,1,2,0,0,0,0,0,2,2,4,2,0,4,0,0,0,2,1,2,0,1,1,4,1,4,2,0,0,0,1,2,4,0,1,0,1,4,1,3,2,2,7,4,5,3,4,0,2,3,3,2,2,0,4,0,0,0,2,3,4,0,0,2,0,4,1,2,1,1,3,2,4,1.333333333,1.551148157
1.11,0,0,1,0,0,0,0,0,0,0,0,0,5,0,1,0,0,0,0,0,0,1,2,1,1,0,1,0,2,2,0,0,0,0,4,1,0,0,1,2,2,0,0,0,0,0,2,1,4,2,0,4,0,0,0,2,0,2,0,1,1,5,1,4,1,0,0,0,0,2,4,0,0,0,1,3,1,3,2,2,7,4,5,3,3,0,2,4,2,2,3,0,5,0,0,0,3,3,2,0,0,2,0,5,0,2,0,0,3,2,4,1.27027027,1.612146767
1.12,0,0,2,0,0,0,0,0,0,0,0,0,5,0,1,0,0,0,0,0,0,1,2,1,1,0,0,0,2,2,0,0,0,0,5,1,0,0,4,2,2,0,0,0,0,0,2,1,4,2,0,3,0,0,0,2,0,2,0,1,1,5,1,4,0,0,0,0,0,2,4,0,0,0,1,4,1,3,2,2,7,3,5,3,4,0,2,4,2,2,2,0,4,0,0,0,3,2,2,0,0,2,0,4,0,3,0,0,3,2,4,1.27027027,1.617775948
1.13,0,0,1,0,0,0,0,0,0,0,0,0,5,1,1,0,0,0,0,0,0,0,2,1,0,0,0,0,1,2,0,0,0,0,1,1,0,0,2,3,2,0,0,0,0,0,2,2,4,2,1,2,0,0,0,2,0,2,0,0,1,4,1,4,0,0,0,0,0,3,4,0,0,0,1,4,1,3,2,2,7,4,5,3,3,0,2,5,2,2,3,0,4,0,0,0,2,2,2,0,0,1,0,3,0,3,0,0,3,1,4,1.18018018,1.55035596
1.14,0,0,0,0,0,0,0,0,0,0,0,0,5,1,1,0,0,0,0,0,0,0,1,1,0,1,0,0,3,2,0,0,0,0,2,0,0,0,1,2,3,0,0,0,0,0,2,2,2,2,1,1,0,2,0,2,0,2,0,0,1,3,1,4,0,0,0,0,0,2,3,0,0,0,1,4,1,3,1,2,7,3,7,3,3,0,2,3,2,2,2,0,3,0,0,0,1,2,2,0,0,1,0,3,0,3,0,0,3,1,4,1.099099099,1.482963587
1.15,0,0,2,0,0,0,0,0,0,0,0,0,4,1,1,0,0,0,0,0,0,0,3,1,0,0,2,0,1,2,0,0,0,0,1,1,0,0,1,1,3,0,0,0,0,0,1,2,2,2,1,2,0,0,0,0,0,2,0,0,1,2,1,3,0,0,0,0,0,2,2,0,0,0,1,5,0,3,1,2,5,3,6,2,2,0,2,3,0,2,3,0,4,0,0,0,1,2,2,0,0,1,0,3,0,2,0,0,3,1,4,0.990990991,1.344994055
1.16,0,0,2,0,0,0,0,0,0,0,1,0,4,0,0,0,0,0,0,0,0,0,4,1,0,0,1,0,0,2,0,0,0,0,1,0,0,0,1,1,2,0,0,0,0,0,1,2,2,2,0,2,0,0,0,0,0,1,0,0,1,2,1,3,0,0,0,0,0,2,2,0,0,0,1,4,0,3,1,2,6,3,5,2,2,0,1,3,0,2,3,0,4,0,0,0,1,2,2,0,0,1,0,2,0,2,0,0,3,1,4,0.90990991,1.318053314
1.17,0,0,0,0,0,0,0,0,0,0,1,0,4,0,0,0,0,0,0,0,0,0,3,1,0,0,1,0,1,2,0,0,0,0,1,0,0,0,2,1,4,0,0,0,0,0,1,1,2,2,0,1,0,0,0,0,0,1,0,0,1,2,1,3,0,0,0,0,0,2,2,0,0,0,1,6,0,3,1,2,6,3,5,2,3,0,1,3,0,2,3,0,7,0,0,0,1,2,2,0,0,1,0,2,0,2,0,0,3,1,4,0.954954955,1.473322697
1.18,0,0,0,1,0,0,0,0,0,0,0,0,5,0,0,0,0,0,0,0,0,0,2,1,0,0,1,0,0,2,0,0,0,0,0,0,0,0,1,1,4,0,0,0,0,0,1,1,2,2,0,3,0,0,0,0,0,1,0,0,1,2,1,2,0,0,0,0,0,2,2,0,0,0,1,5,0,3,1,1,5,3,5,2,2,0,1,3,0,2,4,0,7,0,0,0,1,2,2,0,0,1,0,2,0,2,0,0,3,1,3,0.900900901,1.42033898
1.19,0,0,0,1,0,0,0,0,0,0,0,0,7,0,0,0,0,0,0,0,0,0,2,1,0,0,1,0,0,1,0,0,0,0,1,1,0,0,1,1,4,0,0,0,0,0,1,1,2,2,0,2,0,0,0,0,0,1,0,0,1,2,1,2,0,0,0,0,0,2,2,0,0,0,1,5,0,3,1,1,5,3,4,2,2,0,1,3,0,2,4,0,5,0,0,0,1,2,2,0,0,1,0,2,0,2,0,0,3,1,3,0.891891892,1.377424153
1.2,0,0,0,0,0,0,0,0,0,0,0,0,4,0,0,0,0,0,0,0,0,0,2,1,0,0,1,0,0,1,0,0,0,0,1,0,0,0,0,1,3,0,0,0,0,0,1,1,2,2,0,3,0,0,0,0,0,1,0,0,1,2,1,2,0,0,0,0,0,2,2,0,0,0,1,4,0,3,1,1,6,3,4,2,2,0,1,3,0,2,4,0,6,0,0,0,1,2,2,0,0,1,0,1,0,2,0,0,2,0,3,0.81981982,1.30869955
1.21,0,0,0,0,0,0,0,0,0,0,0,0,4,0,0,0,0,0,0,0,0,0,2,1,0,0,1,0,1,1,0,0,0,0,1,0,0,0,0,1,5,0,0,0,0,0,1,1,2,2,0,4,0,0,0,0,0,1,0,0,1,2,1,2,0,0,0,0,0,2,2,0,0,0,1,4,0,3,0,1,6,3,4,2,2,0,1,2,0,2,4,0,8,0,0,0,1,2,2,0,0,1,0,1,0,2,0,0,2,0,3,0.855855856,1.438729533
1.22,0,0,0,0,0,0,0,0,0,0,0,0,4,0,0,0,0,0,0,0,0,0,1,1,0,0,0,0,0,0,0,0,0,0,1,1,0,0,0,1,3,0,0,0,0,0,1,1,2,2,0,4,0,0,0,0,0,3,0,0,0,2,1,2,0,0,0,0,0,2,2,0,0,0,1,4,0,2,0,1,6,3,5,2,2,0,1,4,0,2,3,0,6,0,0,0,1,2,2,0,0,1,0,1,0,2,0,0,2,0,1,0.792792793,1.342434133
1.23,0,0,0,0,0,0,0,0,0,0,0,0,4,0,0,0,0,0,0,0,0,0,2,1,0,0,0,0,0,0,0,0,0,0,1,0,0,0,1,1,2,0,0,0,0,0,1,1,2,2,0,3,0,0,0,0,0,3,0,0,0,2,0,1,0,0,0,0,0,2,2,0,0,0,1,4,0,2,0,1,5,2,4,2,2,0,1,3,0,2,3,0,7,0,0,0,1,2,0,0,0,0,0,1,0,2,0,0,2,0,1,0.711711712,1.260500531
1.24,0,0,0,0,0,0,0,0,0,0,0,0,4,0,0,0,0,0,0,0,0,0,1,1,0,0,0,0,0,0,0,0,0,0,1,1,0,0,1,1,5,0,0,0,0,0,0,1,2,1,0,2,0,0,0,0,0,3,0,0,0,3,0,0,0,0,0,0,0,2,0,0,0,0,2,4,0,2,0,1,5,2,5,2,2,0,0,1,0,2,2,0,7,0,0,0,1,2,0,0,0,0,0,1,0,2,0,0,2,0,1,0.675675676,1.308449201
1.25,0,0,0,0,0,0,0,0,0,0,0,0,4,0,0,0,0,0,0,0,0,0,1,1,0,0,0,0,0,0,0,0,0,0,1,0,0,0,1,2,3,0,0,0,0,0,0,1,1,0,0,2,0,0,0,0,0,4,0,0,0,2,0,0,0,0,0,0,0,2,0,0,0,0,2,4,0,2,0,1,5,2,5,2,2,0,0,1,0,2,3,0,4,0,0,0,1,2,0,0,0,0,0,1,0,2,0,0,1,0,0,0.603603604,1.169920582
1.26,0,0,0,0,0,0,0,0,0,0,0,0,4,0,0,0,0,0,0,0,0,0,2,1,0,0,0,0,0,0,0,0,0,0,0,2,0,0,0,2,3,0,0,0,0,0,0,1,1,0,0,2,0,0,0,0,0,3,0,0,0,3,0,0,0,0,0,0,0,2,0,0,0,0,2,4,0,2,0,0,4,1,5,2,1,0,0,1,0,1,3,0,5,0,0,0,1,2,0,0,0,0,0,1,0,2,0,0,1,0,0,0.576576577,1.156401547
1.27,0,0,0,0,0,0,0,0,0,0,0,0,4,0,0,0,0,0,0,0,0,0,2,1,0,0,0,0,0,0,0,0,0,0,0,0,0,0,0,2,4,0,0,0,0,0,0,1,1,0,0,1,0,0,0,0,0,3,0,0,0,2,0,0,0,0,0,0,0,2,0,0,0,0,2,4,0,1,0,0,5,1,3,2,1,0,0,1,0,1,2,0,5,0,0,0,1,2,0,0,0,0,0,1,0,2,0,0,1,0,0,0.522522523,1.10245055
1.28,0,0,0,0,0,0,0,0,0,0,0,0,4,0,0,0,0,0,0,0,0,0,2,1,0,0,0,0,1,0,0,0,0,0,0,0,0,0,0,2,3,0,0,0,0,0,0,1,1,0,0,1,0,0,0,0,0,3,0,0,0,2,0,0,0,0,0,0,0,2,0,0,0,0,2,3,0,1,0,0,6,1,4,2,1,0,0,1,0,1,2,0,4,0,0,0,0,2,0,0,0,0,0,1,0,2,0,0,1,0,0,0.513513514,1.085983968
1.29,0,0,0,0,0,0,0,0,0,0,0,0,4,0,0,0,0,0,0,0,0,0,2,0,0,0,0,0,0,0,0,0,0,0,0,1,0,0,0,2,4,0,0,0,0,0,0,1,1,0,0,1,0,0,0,0,0,3,0,0,0,2,0,0,0,0,0,0,0,1,0,0,0,0,2,3,0,1,0,0,3,1,3,2,2,0,0,1,0,1,2,0,4,0,0,0,0,1,0,0,0,0,0,1,0,1,0,0,1,0,0,0.459459459,0.960906615
1.3,0,0,0,0,0,0,0,0,0,0,0,0,4,0,0,0,0,0,0,0,0,0,2,0,0,0,0,0,0,0,0,0,0,0,0,1,0,0,1,2,4,0,0,0,0,0,0,1,1,0,0,1,0,0,0,0,0,3,0,0,0,2,0,0,0,0,0,0,0,1,0,0,0,0,2,4,0,1,0,0,3,1,3,2,2,0,0,1,0,1,2,0,4,0,0,0,0,1,0,0,0,0,0,0,0,1,0,0,1,0,0,0.468468468,0.989212909
1.31,0,0,0,0,0,0,0,0,0,0,0,0,4,0,0,0,0,0,0,0,0,0,2,0,0,0,0,0,0,0,0,0,0,0,1,1,0,0,1,2,2,0,0,0,0,0,0,1,1,0,0,2,0,0,0,0,0,3,0,0,0,2,0,0,0,0,0,0,0,1,0,0,0,0,2,3,0,1,0,0,3,1,2,2,2,0,0,1,0,1,2,0,4,0,0,0,0,1,0,0,0,0,0,0,0,1,0,0,1,0,0,0.45045045,0.901904437
1.32,0,0,0,0,0,0,0,0,0,0,0,0,4,0,0,0,0,0,0,0,0,0,2,0,0,0,0,0,0,0,0,0,0,0,2,1,0,0,0,1,3,0,0,0,0,0,0,1,1,0,0,1,0,0,0,0,0,2,0,0,0,2,0,0,0,0,0,0,0,1,0,0,0,0,2,2,0,1,0,0,3,1,2,2,2,0,0,1,0,1,3,0,4,0,0,0,0,1,0,0,0,0,0,0,0,1,0,0,1,0,0,0.432432432,0.89057307
1.33,0,0,0,0,0,0,0,0,0,0,0,0,4,0,0,0,0,0,0,0,0,0,2,0,0,0,0,0,0,0,0,0,0,0,2,1,0,0,0,2,4,0,0,0,0,0,0,1,1,0,0,2,0,0,0,0,0,2,0,0,0,1,0,0,0,0,0,0,0,1,0,0,0,0,2,2,0,1,0,0,3,1,2,2,2,0,0,1,0,1,1,0,4,0,0,0,0,1,0,0,0,0,0,0,0,1,0,0,1,0,0,0.432432432,0.90072316
1.34,0,0,0,0,0,0,0,0,0,0,0,0,4,0,0,0,0,0,0,0,0,0,2,0,0,0,0,0,0,0,0,0,0,0,1,0,0,0,0,1,3,0,0,0,0,0,0,1,1,0,0,2,0,0,0,0,0,2,0,0,0,1,0,0,0,0,0,0,0,1,0,0,0,0,2,2,0,1,0,0,3,1,2,2,2,0,0,1,0,1,1,0,4,0,0,0,0,1,0,0,0,0,0,0,0,1,0,0,1,0,0,0.396396396,0.845085034
1.35,0,0,0,0,0,0,0,0,0,0,0,0,4,0,0,0,0,0,0,0,0,0,2,0,0,0,0,0,0,0,0,0,0,0,0,0,0,0,0,1,3,0,0,0,0,0,0,1,1,0,0,2,0,0,0,0,0,1,0,0,0,1,0,0,0,0,0,0,0,1,0,0,0,0,2,2,0,1,0,0,3,1,2,2,2,0,0,1,0,1,1,0,4,0,0,0,0,0,0,0,0,0,0,0,0,1,0,0,1,0,0,0.369369369,0.830420791
1.36,0,0,0,0,0,0,0,0,0,0,0,0,4,0,0,0,0,0,0,0,0,0,2,0,0,0,0,0,0,0,0,0,0,0,0,0,0,0,0,1,2,0,0,0,0,0,0,1,1,0,0,3,0,0,0,0,0,1,0,0,0,1,0,0,0,0,0,0,0,1,0,0,0,0,2,2,0,1,0,0,3,0,2,2,2,0,0,0,0,1,1,0,4,0,0,0,0,0,0,0,0,0,0,0,0,1,0,0,1,0,0,0.351351351,0.827357773
1.37,0,0,0,0,0,0,0,0,0,0,0,0,3,0,0,0,0,0,0,0,0,0,2,0,0,0,1,0,0,0,0,0,0,0,0,0,0,0,0,2,2,0,0,0,0,0,0,1,1,0,0,2,0,0,0,0,0,1,0,0,0,1,0,0,0,0,0,0,0,1,0,0,0,0,2,2,0,1,0,0,2,0,2,2,2,0,0,0,0,1,1,0,4,0,0,0,0,0,0,0,0,0,0,0,0,1,0,0,1,0,0,0.342342342,0.756733356
1.38,0,0,0,0,0,0,0,0,0,0,0,0,3,0,0,0,0,0,0,0,0,0,2,0,0,0,0,0,0,0,0,0,0,0,0,0,0,0,0,2,3,0,0,0,0,0,0,1,0,0,0,0,0,0,0,0,0,1,0,0,0,1,0,0,0,0,0,0,0,0,0,0,0,0,2,2,0,0,0,0,2,0,2,2,2,0,0,0,0,0,1,0,4,0,0,0,0,0,0,0,0,0,0,0,0,1,0,0,1,0,0,0.288288288,0.755433499
1.39,0,0,0,0,0,0,0,0,0,0,0,0,2,0,0,0,0,0,0,0,0,0,2,0,0,0,0,0,0,0,0,0,0,0,0,2,0,0,0,2,4,0,0,0,0,0,0,0,0,0,0,0,0,0,0,0,0,1,0,0,0,1,0,0,0,0,0,0,0,0,0,0,0,0,2,2,0,0,0,0,2,0,2,2,2,0,0,0,0,0,2,0,4,0,0,0,0,0,0,0,0,0,0,0,0,1,0,0,1,0,0,0.306306306,0.795359185
1.4,0,0,0,0,0,0,0,0,0,0,0,0,2,0,0,0,0,0,0,0,0,0,2,0,0,0,0,0,0,0,0,0,0,0,0,0,0,0,0,2,2,0,0,0,0,0,0,0,0,0,0,0,0,0,0,0,0,1,0,0,0,1,0,0,0,0,0,0,0,0,0,0,0,0,2,2,0,0,0,0,2,0,2,1,2,0,0,0,0,0,2,0,4,0,0,0,0,0,0,0,0,0,0,0,0,1,0,0,1,0,0,0.261261261,0.696898476
1.41,0,0,0,0,0,0,0,0,0,0,0,0,2,0,0,0,0,0,0,0,0,0,2,0,0,0,0,0,0,0,0,0,0,0,0,0,0,0,0,2,0,0,0,0,0,0,0,0,0,0,0,0,0,0,0,0,0,1,0,0,0,1,0,0,0,0,0,0,0,0,0,0,0,0,2,2,0,0,0,0,2,0,1,1,2,0,0,0,0,0,2,0,4,0,0,0,0,0,0,0,0,0,0,0,0,1,0,0,1,0,0,0.234234234,0.659958056
1.42,0,0,0,0,0,0,0,0,0,0,0,0,2,0,0,0,0,0,0,0,0,0,2,0,0,0,0,0,0,0,0,0,0,0,0,0,0,0,0,2,0,0,0,0,0,0,0,0,0,0,0,0,0,0,0,0,0,1,0,0,0,1,0,0,0,0,0,0,0,0,0,0,0,0,2,2,0,0,0,0,2,0,1,1,2,0,0,0,0,0,2,0,4,0,0,0,0,0,0,0,0,0,0,0,0,1,0,0,0,0,0,0.225225225,0.656224528
1.43,0,0,0,0,0,0,0,0,0,0,0,0,2,0,0,0,0,0,0,0,0,0,1,0,0,0,0,0,0,0,0,0,0,0,0,0,0,0,0,2,0,0,0,0,0,0,0,0,0,0,0,2,0,0,0,0,0,1,0,0,0,1,0,0,0,0,0,0,0,0,0,0,0,0,0,1,0,0,0,0,2,0,1,1,2,0,0,0,0,0,2,0,4,0,0,0,0,0,0,0,0,0,0,0,0,1,0,0,0,0,0,0.207207207,0.619635041
1.44,0,0,0,0,0,0,0,0,0,0,0,0,2,0,0,0,0,0,0,0,0,0,1,0,0,0,0,0,0,0,0,0,0,0,0,0,0,0,0,2,2,0,0,0,0,0,0,0,0,0,0,2,0,0,0,0,0,1,0,0,0,1,0,0,0,0,0,0,0,0,0,0,0,0,0,1,0,0,0,0,2,0,1,1,2,0,0,0,0,0,2,0,4,0,0,0,0,0,0,0,0,0,0,0,0,1,0,0,0,0,0,0.225225225,0.642221778
1.45,0,0,0,0,0,0,0,0,0,0,0,0,1,0,0,0,0,0,0,0,0,0,1,0,0,0,0,0,0,0,0,0,0,0,0,1,0,0,0,2,3,0,0,0,0,0,0,0,0,0,0,1,0,0,0,0,0,1,0,0,0,1,0,0,0,0,0,0,0,0,0,0,0,0,0,1,0,0,0,0,2,0,0,0,2,0,0,0,0,0,2,0,4,0,0,0,0,0,0,0,0,0,0,0,0,1,0,0,0,0,0,0.207207207,0.634136738
1.46,0,0,0,0,0,0,0,0,0,0,0,0,1,0,0,0,0,0,0,0,0,0,1,0,0,0,0,0,0,0,0,0,0,0,0,0,0,0,0,2,1,0,0,0,0,0,0,0,0,0,0,1,0,0,0,0,0,1,0,0,0,1,0,0,0,0,0,0,0,0,0,0,0,0,0,1,0,0,0,0,2,0,0,0,2,0,0,0,0,0,2,0,4,0,0,0,0,0,0,0,0,0,0,0,0,1,0,0,0,0,0,0.18018018,0.575218507
1.47,0,0,0,0,0,0,0,0,0,0,0,0,0,0,0,0,0,0,0,0,0,0,1,0,0,0,0,0,0,0,0,0,0,0,0,0,0,0,0,2,0,0,0,0,0,0,0,0,0,0,0,2,0,0,0,0,0,1,0,0,0,1,0,0,0,0,0,0,0,0,0,0,0,0,0,0,0,0,0,0,2,0,0,0,1,0,0,0,0,0,3,0,4,0,0,0,0,0,0,0,0,0,0,0,0,1,0,0,0,0,0,0.162162162,0.596055832
1.48,0,0,0,0,0,0,0,0,0,0,0,0,0,0,0,0,0,0,0,0,0,0,1,0,0,0,0,0,0,0,0,0,0,0,0,0,0,0,0,2,0,0,0,0,0,0,0,0,0,0,0,2,0,0,0,0,0,1,0,0,0,1,0,0,0,0,0,0,0,0,0,0,0,0,0,0,0,0,0,0,1,0,0,0,1,0,0,0,0,0,2,0,3,0,0,0,0,0,0,0,0,0,0,0,0,0,0,0,0,0,0,0.126126126,0.469373221
1.49,0,0,0,0,0,0,0,0,0,0,0,0,0,0,0,0,0,0,0,0,0,0,1,0,0,0,0,0,0,0,0,0,0,0,0,0,0,0,0,3,0,0,0,0,0,0,0,0,0,0,0,3,0,0,0,0,0,1,0,0,0,1,0,0,0,0,0,0,0,0,0,0,0,0,0,0,0,0,0,0,1,0,0,0,1,0,0,0,0,0,2,0,3,0,0,0,0,0,0,0,0,0,0,0,0,0,0,0,0,0,0,0.144144144,0.553449461
1.5,0,0,0,0,0,0,0,0,0,0,0,0,0,0,0,0,0,0,0,0,0,0,1,0,0,0,0,0,0,0,0,0,0,0,0,0,0,0,0,3,0,0,0,0,0,0,0,0,0,0,0,4,0,0,0,0,0,1,0,0,0,0,0,0,0,0,0,0,0,0,0,0,0,0,0,0,0,0,0,0,1,0,0,0,1,0,0,0,0,0,2,0,3,0,0,0,0,0,0,0,0,0,0,0,0,0,0,0,0,0,0,0.144144144,0.600709381
1.51,0,0,0,0,0,0,0,0,0,0,0,0,0,0,0,0,0,0,0,0,0,0,1,0,0,0,0,0,0,0,0,0,0,0,0,0,0,0,0,2,0,0,0,0,0,0,0,0,0,0,0,3,0,0,0,0,0,1,0,0,0,0,0,0,0,0,0,0,0,0,0,0,0,0,0,0,0,0,0,0,1,0,0,0,1,0,0,0,0,0,2,0,3,0,0,0,0,0,0,0,0,0,0,0,0,0,0,0,0,0,0,0.126126126,0.506630888
1.52,0,0,0,0,0,0,0,0,0,0,0,0,0,0,0,0,0,0,0,0,0,0,1,0,0,0,0,0,0,0,0,0,0,0,0,1,0,0,0,2,0,0,0,0,0,0,0,0,0,0,0,3,0,0,0,0,0,1,0,0,0,0,0,0,0,0,0,0,0,0,0,0,0,0,0,0,0,0,0,0,1,0,0,0,1,0,0,0,0,0,2,0,3,0,0,0,0,0,0,0,0,0,0,0,0,0,0,0,0,0,0,0.135135135,0.513216001
1.53,0,0,0,0,0,0,0,0,0,0,0,0,0,0,0,0,0,0,0,0,0,0,1,0,0,0,0,0,0,0,0,0,0,0,0,1,0,0,0,2,0,0,0,0,0,0,0,0,0,0,0,3,0,0,0,0,0,0,0,0,0,0,0,0,0,0,0,0,0,0,0,0,0,0,0,0,0,0,0,0,1,0,0,0,1,0,0,0,0,0,2,0,3,0,0,0,0,0,0,0,0,0,0,0,0,0,0,0,0,0,0,0.126126126,0.506630888
1.54,0,0,0,0,0,0,0,0,0,0,0,0,0,0,0,0,0,0,0,0,0,0,1,0,0,0,0,0,0,0,0,0,0,0,0,0,0,0,0,1,1,0,0,0,0,0,0,0,0,0,0,1,0,0,0,0,0,0,0,0,0,0,0,0,0,0,0,0,0,0,0,0,0,0,0,0,0,0,0,0,0,0,0,0,1,0,0,0,0,0,2,0,3,0,0,0,0,0,0,0,0,0,0,0,0,0,0,0,0,0,0,0.09009009,0.394266858
1.55,0,0,0,0,0,0,0,0,0,0,0,0,0,0,0,0,0,0,0,0,0,0,1,0,0,0,0,0,0,0,0,0,0,0,0,0,0,0,0,2,0,0,0,0,0,0,0,0,0,0,0,0,0,0,0,0,0,0,0,0,0,0,0,0,0,0,0,0,0,0,0,0,0,0,0,0,0,0,0,0,0,0,0,0,1,0,0,0,0,0,2,0,2,0,0,0,0,0,0,0,0,0,0,0,0,0,0,0,0,0,0,0.072072072,0.349329532
1.56,0,0,0,0,0,0,0,0,0,0,0,0,0,0,0,0,0,0,0,0,0,0,0,0,0,0,0,0,0,0,0,0,0,0,0,1,0,0,0,1,0,0,0,0,0,0,0,0,0,0,0,0,0,0,0,0,0,0,0,0,0,0,0,0,0,0,0,0,0,0,0,0,0,0,0,0,0,0,0,0,0,0,0,0,0,0,0,0,0,0,2,0,1,0,0,0,0,0,0,0,0,0,0,0,0,0,0,0,0,0,0,0.045045045,0.248171033
1.57,0,0,0,0,0,0,0,0,0,0,0,0,0,0,0,0,0,0,0,0,0,0,0,0,0,0,0,0,0,0,0,0,0,0,0,1,0,0,0,1,0,0,0,0,0,0,0,0,0,0,0,0,0,0,0,0,0,0,0,0,0,0,0,0,0,0,0,0,0,0,0,0,0,0,0,0,0,0,0,0,0,0,0,0,0,0,0,0,0,0,2,0,1,0,0,0,0,0,0,0,0,0,0,0,0,0,0,0,0,0,0,0.045045045,0.248171033
1.58,0,0,0,0,0,0,0,0,0,0,0,0,0,0,0,0,0,0,0,0,0,0,0,0,0,0,0,0,0,0,0,0,0,0,0,0,0,0,0,1,1,0,0,0,0,0,0,0,0,0,0,0,0,0,0,0,0,0,0,0,0,0,0,0,0,0,0,0,0,0,0,0,0,0,0,0,0,0,0,0,0,0,0,0,0,0,0,0,0,0,2,0,1,0,0,0,0,0,0,0,0,0,0,0,0,0,0,0,0,0,0,0.045045045,0.248171033
1.59,0,0,0,0,0,0,0,0,0,0,0,0,0,0,0,0,0,0,0,0,0,0,0,0,0,0,0,0,0,0,0,0,0,0,0,0,0,0,0,1,0,0,0,0,0,0,0,0,0,0,0,0,0,0,0,0,0,0,0,0,0,0,0,0,0,0,0,0,0,0,0,0,0,0,0,0,0,0,0,0,0,0,0,0,0,0,0,0,0,0,2,0,1,0,0,0,0,0,0,0,0,0,0,0,0,0,0,0,0,0,0,0.036036036,0.230727227
1.6,0,0,0,0,0,0,0,0,0,0,0,0,0,0,0,0,0,0,0,0,0,0,0,0,0,0,0,0,0,0,0,0,0,0,0,1,0,0,0,3,0,0,0,0,0,0,0,0,0,0,0,0,0,0,0,0,0,0,0,0,0,0,0,0,0,0,0,0,0,0,0,0,0,0,0,0,0,0,0,0,0,0,0,0,0,0,0,0,0,0,2,0,1,0,0,0,0,0,0,0,0,0,0,0,0,0,0,0,0,0,0,0.063063063,0.363800127
1.61,0,0,0,0,0,0,0,0,0,0,0,0,0,0,0,0,0,0,0,0,0,0,0,0,0,0,0,0,0,0,0,0,0,0,0,0,0,0,0,2,0,0,0,0,0,0,0,0,0,0,0,0,0,0,0,0,0,0,0,0,0,0,0,0,0,0,0,0,0,0,0,0,0,0,0,0,0,0,0,0,0,0,0,0,0,0,0,0,0,0,2,0,1,0,0,0,0,0,0,0,0,0,0,0,0,0,0,0,0,0,0,0.045045045,0.282437037
1.62,0,0,0,0,0,0,0,0,0,0,0,0,0,0,0,0,0,0,0,0,0,0,0,0,0,0,0,0,0,0,0,0,0,0,0,0,0,0,0,2,0,0,0,0,0,0,0,0,0,0,0,0,0,0,0,0,0,0,0,0,0,0,0,0,0,0,0,0,0,0,0,0,0,0,0,0,0,0,0,0,0,0,0,0,0,0,0,0,0,0,2,0,1,0,0,0,0,0,0,0,0,0,0,0,0,0,0,0,0,0,0,0.045045045,0.282437037
1.63,0,0,0,0,0,0,0,0,0,0,0,0,0,0,0,0,0,0,0,0,0,0,0,0,0,0,0,0,0,0,0,0,0,0,0,0,0,0,0,1,0,0,0,0,0,0,0,0,0,0,0,0,0,0,0,0,0,0,0,0,0,0,0,0,0,0,0,0,0,0,0,0,0,0,0,0,0,0,0,0,0,0,0,0,0,0,0,0,0,0,2,0,0,0,0,0,0,0,0,0,0,0,0,0,0,0,0,0,0,0,0,0.027027027,0.211464996
1.64,0,0,0,0,0,0,0,0,0,0,0,0,0,0,0,0,0,0,0,0,0,0,0,0,0,0,0,0,0,0,0,0,0,0,0,0,0,0,0,1,0,0,0,0,0,0,0,0,0,0,0,0,0,0,0,0,0,0,0,0,0,0,0,0,0,0,0,0,0,0,0,0,0,0,0,0,0,0,0,0,0,0,0,0,0,0,0,0,0,0,2,0,0,0,0,0,0,0,0,0,0,0,0,0,0,0,0,0,0,0,0,0.027027027,0.211464996
1.65,0,0,0,0,0,0,0,0,0,0,0,0,0,0,0,0,0,0,0,0,0,0,0,0,0,0,0,0,0,0,0,0,0,0,0,0,0,0,0,1,0,0,0,0,0,0,0,0,0,0,0,0,0,0,0,0,0,0,0,0,0,0,0,0,0,0,0,0,0,0,0,0,0,0,0,0,0,0,0,0,0,0,0,0,0,0,0,0,0,0,2,0,0,0,0,0,0,0,0,0,0,0,0,0,0,0,0,0,0,0,0,0.027027027,0.211464996
1.66,0,0,0,0,0,0,0,0,0,0,0,0,0,0,0,0,0,0,0,0,0,0,0,0,0,0,0,0,0,0,0,0,0,0,0,0,0,0,0,1,0,0,0,0,0,0,0,0,0,0,0,0,0,0,0,0,0,0,0,0,0,0,0,0,0,0,0,0,0,0,0,0,0,0,0,0,0,0,0,0,0,0,0,0,0,0,0,0,0,0,2,0,0,0,0,0,0,0,0,0,0,0,0,0,0,0,0,0,0,0,0,0.027027027,0.211464996
1.67,0,0,0,0,0,0,0,0,0,0,0,0,0,0,0,0,0,0,0,0,0,0,0,0,0,0,0,0,0,0,0,0,0,0,0,0,0,0,0,1,0,0,0,0,0,0,0,0,0,0,0,0,0,0,0,0,0,0,0,0,0,0,0,0,0,0,0,0,0,0,0,0,0,0,0,0,0,0,0,0,0,0,0,0,0,0,0,0,0,0,2,0,0,0,0,0,0,0,0,0,0,0,0,0,0,0,0,0,0,0,0,0.027027027,0.211464996
1.68,0,0,0,0,0,0,0,0,0,0,0,0,0,0,0,0,0,0,0,0,0,0,0,0,0,0,0,0,0,0,0,0,0,0,0,0,0,0,0,1,0,0,0,0,0,0,0,0,0,0,0,0,0,0,0,0,0,0,0,0,0,0,0,0,0,0,0,0,0,0,0,0,0,0,0,0,0,0,0,0,0,0,0,0,0,0,0,0,0,0,2,0,0,0,0,0,0,0,0,0,0,0,0,0,0,0,0,0,0,0,0,0.027027027,0.211464996
1.69,0,0,0,0,0,0,0,0,0,0,0,0,0,0,0,0,0,0,0,0,0,0,0,0,0,0,0,0,0,0,0,0,0,0,0,0,0,0,0,1,0,0,0,0,0,0,0,0,0,0,0,0,0,0,0,0,0,0,0,0,0,0,0,0,0,0,0,0,0,0,0,0,0,0,0,0,0,0,0,0,0,0,0,0,0,0,0,0,0,0,2,0,0,0,0,0,0,0,0,0,0,0,0,0,0,0,0,0,0,0,0,0.027027027,0.211464996
1.7,0,0,0,0,0,0,0,0,0,0,0,0,0,0,0,0,0,0,0,0,0,0,0,0,0,0,0,0,0,0,0,0,0,0,0,0,0,0,0,0,0,0,0,0,0,0,0,0,0,0,0,0,0,0,0,0,0,0,0,0,0,0,0,0,0,0,0,0,0,0,0,0,0,0,0,0,0,0,0,0,0,0,0,0,0,0,0,0,0,0,2,0,0,0,0,0,0,0,0,0,0,0,0,0,0,0,0,0,0,0,0,0.018018018,0.189831599
1.71,0,0,0,0,0,0,0,0,0,0,0,0,0,0,0,0,0,0,0,0,0,0,0,0,0,0,0,0,0,0,0,0,0,0,0,0,0,0,0,0,0,0,0,0,0,0,0,0,0,0,0,0,0,0,0,0,0,0,0,0,0,0,0,0,0,0,0,0,0,0,0,0,0,0,0,0,0,0,0,0,0,0,0,0,0,0,0,0,0,0,2,0,0,0,0,0,0,0,0,0,0,0,0,0,0,0,0,0,0,0,0,0.018018018,0.189831599
1.72,0,0,0,0,0,0,0,0,0,0,0,0,0,0,0,0,0,0,0,0,0,0,0,0,0,0,0,0,0,0,0,0,0,0,0,0,0,0,0,1,0,0,0,0,0,0,0,0,0,0,0,0,0,0,0,0,0,0,0,0,0,0,0,0,0,0,0,0,0,0,0,0,0,0,0,0,0,0,0,0,0,0,0,0,0,0,0,0,0,0,2,0,0,0,0,0,0,0,0,0,0,0,0,0,0,0,0,0,0,0,0,0.027027027,0.211464996
1.73,0,0,0,0,0,0,0,0,0,0,0,0,0,0,0,0,0,0,0,0,0,0,0,0,0,0,0,0,0,0,0,0,0,0,0,0,0,0,0,0,0,0,0,0,0,0,0,0,0,0,0,0,0,0,0,0,0,0,0,0,0,0,0,0,0,0,0,0,0,0,0,0,0,0,0,0,0,0,0,0,0,0,0,0,0,0,0,0,0,0,1,0,0,0,0,0,0,0,0,0,0,0,0,0,0,0,0,0,0,0,0,0.009009009,0.0949158
1.74,0,0,0,0,0,0,0,0,0,0,0,0,0,0,0,0,0,0,0,0,0,0,0,0,0,0,0,0,0,0,0,0,0,0,0,0,0,0,0,0,0,0,0,0,0,0,0,0,0,0,0,0,0,0,0,0,0,0,0,0,0,0,0,0,0,0,0,0,0,0,0,0,0,0,0,0,0,0,0,0,0,0,0,0,0,0,0,0,0,0,1,0,0,0,0,0,0,0,0,0,0,0,0,0,0,0,0,0,0,0,0,0.009009009,0.0949158
1.75,0,0,0,0,0,0,0,0,0,0,0,0,0,0,0,0,0,0,0,0,0,0,0,0,0,0,0,0,0,0,0,0,0,0,0,0,0,0,0,1,0,0,0,0,0,0,0,0,0,0,0,0,0,0,0,0,0,0,0,0,0,0,0,0,0,0,0,0,0,0,0,0,0,0,0,0,0,0,0,0,0,0,0,0,0,0,0,0,0,0,1,0,0,0,0,0,0,0,0,0,0,0,0,0,0,0,0,0,0,0,0,0.018018018,0.133619676
1.76,0,0,0,0,0,0,0,0,0,0,0,0,0,0,0,0,0,0,0,0,0,0,0,0,0,0,0,0,0,0,0,0,0,0,0,0,0,0,0,1,0,0,0,0,0,0,0,0,0,0,0,0,0,0,0,0,0,0,0,0,0,0,0,0,0,0,0,0,0,0,0,0,0,0,0,0,0,0,0,0,0,0,0,0,0,0,0,0,0,0,1,0,0,0,0,0,0,0,0,0,0,0,0,0,0,0,0,0,0,0,0,0.018018018,0.133619676
1.77,0,0,0,0,0,0,0,0,0,0,0,0,0,0,0,0,0,0,0,0,0,0,0,0,0,0,0,0,0,0,0,0,0,0,0,0,0,0,0,0,0,0,0,0,0,0,0,0,0,0,0,0,0,0,0,0,0,0,0,0,0,0,0,0,0,0,0,0,0,0,0,0,0,0,0,0,0,0,0,0,0,0,0,0,0,0,0,0,0,0,1,0,0,0,0,0,0,0,0,0,0,0,0,0,0,0,0,0,0,0,0,0.009009009,0.0949158
1.78,0,0,0,0,0,0,0,0,0,0,0,0,0,0,0,0,0,0,0,0,0,0,0,0,0,0,0,0,0,0,0,0,0,0,0,0,0,0,0,0,0,0,0,0,0,0,0,0,0,0,0,0,0,0,0,0,0,0,0,0,0,0,0,0,0,0,0,0,0,0,0,0,0,0,0,0,0,0,0,0,0,0,0,0,0,0,0,0,0,0,1,0,0,0,0,0,0,0,0,0,0,0,0,0,0,0,0,0,0,0,0,0.009009009,0.0949158
1.79,0,0,0,0,0,0,0,0,0,0,0,0,0,0,0,0,0,0,0,0,0,0,0,0,0,0,0,0,0,0,0,0,0,0,0,0,0,0,0,0,0,0,0,0,0,0,0,0,0,0,0,0,0,0,0,0,0,0,0,0,0,0,0,0,0,0,0,0,0,0,0,0,0,0,0,0,0,0,0,0,0,0,0,0,0,0,0,0,0,0,1,0,0,0,0,0,0,0,0,0,0,0,0,0,0,0,0,0,0,0,0,0.009009009,0.0949158
1.8,0,0,0,0,0,0,0,0,0,0,0,0,0,0,0,0,0,0,0,0,0,0,0,0,0,0,0,0,0,0,0,0,0,0,0,0,0,0,0,1,0,0,0,0,0,0,0,0,0,0,0,0,0,0,0,0,0,0,0,0,0,0,0,0,0,0,0,0,0,0,0,0,0,0,0,0,0,0,0,0,0,0,0,0,0,0,0,0,0,0,0,0,0,0,0,0,0,0,0,0,0,0,0,0,0,0,0,0,0,0,0,0.009009009,0.0949158
1.81,0,0,0,0,0,0,0,0,0,0,0,0,0,0,0,0,0,0,0,0,0,0,0,0,0,0,0,0,0,0,0,0,0,0,0,0,0,0,0,1,0,0,0,0,0,0,0,0,0,0,0,0,0,0,0,0,0,0,0,0,0,0,0,0,0,0,0,0,0,0,0,0,0,0,0,0,0,0,0,0,0,0,0,0,0,0,0,0,0,0,0,0,0,0,0,0,0,0,0,0,0,0,0,0,0,0,0,0,0,0,0,0.009009009,0.0949158
1.82,0,0,0,0,0,0,0,0,0,0,0,0,0,0,0,0,0,0,0,0,0,0,0,0,0,0,0,0,0,0,0,0,0,0,0,0,0,0,0,2,0,0,0,0,0,0,0,0,0,0,0,0,0,0,0,0,0,0,0,0,0,0,0,0,0,0,0,0,0,0,0,0,0,0,0,0,0,0,0,0,0,0,0,0,0,0,0,0,0,0,0,0,0,0,0,0,0,0,0,0,0,0,0,0,0,0,0,0,0,0,0,0.018018018,0.189831599
1.83,0,0,0,0,0,0,0,0,0,0,0,0,0,0,0,0,0,0,0,0,0,0,0,0,0,0,0,0,0,0,0,0,0,0,0,0,0,0,0,0,0,0,0,0,0,0,0,0,0,0,0,0,0,0,0,0,0,0,0,0,0,0,0,0,0,0,0,0,0,0,0,0,0,0,0,0,0,0,0,0,0,0,0,0,0,0,0,0,0,0,0,0,0,0,0,0,0,0,0,0,0,0,0,0,0,0,0,0,0,0,0,0,0
1.84,0,0,0,0,0,0,0,0,0,0,0,0,0,0,0,0,0,0,0,0,0,0,0,0,0,0,0,0,0,0,0,0,0,0,0,0,0,0,0,0,0,0,0,0,0,0,0,0,0,0,0,0,0,0,0,0,0,0,0,0,0,0,0,0,0,0,0,0,0,0,0,0,0,0,0,0,0,0,0,0,0,0,0,0,0,0,0,0,0,0,0,0,0,0,0,0,0,0,0,0,0,0,0,0,0,0,0,0,0,0,0,0,0
1.85,0,0,0,0,0,0,0,0,0,0,0,0,0,0,0,0,0,0,0,0,0,0,0,0,0,0,0,0,0,0,0,0,0,0,0,0,0,0,0,0,0,0,0,0,0,0,0,0,0,0,0,0,0,0,0,0,0,0,0,0,0,0,0,0,0,0,0,0,0,0,0,0,0,0,0,0,0,0,0,0,0,0,0,0,0,0,0,0,0,0,0,0,0,0,0,0,0,0,0,0,0,0,0,0,0,0,0,0,0,0,0,0,0
1.86,0,0,0,0,0,0,0,0,0,0,0,0,0,0,0,0,0,0,0,0,0,0,0,0,0,0,0,0,0,0,0,0,0,0,0,0,0,0,0,0,0,0,0,0,0,0,0,0,0,0,0,0,0,0,0,0,0,0,0,0,0,0,0,0,0,0,0,0,0,0,0,0,0,0,0,0,0,0,0,0,0,0,0,0,0,0,0,0,0,0,0,0,0,0,0,0,0,0,0,0,0,0,0,0,0,0,0,0,0,0,0,0,0
1.87,0,0,0,0,0,0,0,0,0,0,0,0,0,0,0,0,0,0,0,0,0,0,0,0,0,0,0,0,0,0,0,0,0,0,0,0,0,0,0,0,0,0,0,0,0,0,0,0,0,0,0,0,0,0,0,0,0,0,0,0,0,0,0,0,0,0,0,0,0,0,0,0,0,0,0,0,0,0,0,0,0,0,0,0,0,0,0,0,0,0,0,0,0,0,0,0,0,0,0,0,0,0,0,0,0,0,0,0,0,0,0,0,0
1.88,0,0,0,0,0,0,0,0,0,0,0,0,0,0,0,0,0,0,0,0,0,0,0,0,0,0,0,0,0,0,0,0,0,0,0,0,0,0,0,1,0,0,0,0,0,0,0,0,0,0,0,0,0,0,0,0,0,0,0,0,0,0,0,0,0,0,0,0,0,0,0,0,0,0,0,0,0,0,0,0,0,0,0,0,0,0,0,0,0,0,0,0,0,0,0,0,0,0,0,0,0,0,0,0,0,0,0,0,0,0,0,0.009009009,0.0949158
1.89,0,0,0,0,0,0,0,0,0,0,0,0,0,0,0,0,0,0,0,0,0,0,0,0,0,0,0,0,0,0,0,0,0,0,0,0,0,0,0,0,0,0,0,0,0,0,0,0,0,0,0,0,0,0,0,0,0,0,0,0,0,0,0,0,0,0,0,0,0,0,0,0,0,0,0,0,0,0,0,0,0,0,0,0,0,0,0,0,0,0,0,0,0,0,0,0,0,0,0,0,0,0,0,0,0,0,0,0,0,0,0,0,0
1.9,0,0,0,0,0,0,0,0,0,0,0,0,0,0,0,0,0,0,0,0,0,0,0,0,0,0,0,0,0,0,0,0,0,0,0,0,0,0,0,0,0,0,0,0,0,0,0,0,0,0,0,0,0,0,0,0,0,0,0,0,0,0,0,0,0,0,0,0,0,0,0,0,0,0,0,0,0,0,0,0,0,0,0,0,0,0,0,0,0,0,0,0,0,0,0,0,0,0,0,0,0,0,0,0,0,0,0,0,0,0,0,0,0
1.91,0,0,0,0,0,0,0,0,0,0,0,0,0,0,0,0,0,0,0,0,0,0,0,0,0,0,0,0,0,0,0,0,0,0,0,0,0,0,0,0,0,0,0,0,0,0,0,0,0,0,0,0,0,0,0,0,0,0,0,0,0,0,0,0,0,0,0,0,0,0,0,0,0,0,0,0,0,0,0,0,0,0,0,0,0,0,0,0,0,0,0,0,0,0,0,0,0,0,0,0,0,0,0,0,0,0,0,0,0,0,0,0,0
1.92,0,0,0,0,0,0,0,0,0,0,0,0,0,0,0,0,0,0,0,0,0,0,0,0,0,0,0,0,0,0,0,0,0,0,0,0,0,0,0,0,0,0,0,0,0,0,0,0,0,0,0,0,0,0,0,0,0,0,0,0,0,0,0,0,0,0,0,0,0,0,0,0,0,0,0,0,0,0,0,0,0,0,0,0,0,0,0,0,0,0,0,0,0,0,0,0,0,0,0,0,0,0,0,0,0,0,0,0,0,0,0,0,0
1.93,0,0,0,0,0,0,0,0,0,0,0,0,0,0,0,0,0,0,0,0,0,0,0,0,0,0,0,0,0,0,0,0,0,0,0,0,0,0,0,2,0,0,0,0,0,0,0,0,0,0,0,0,0,0,0,0,0,0,0,0,0,0,0,0,0,0,0,0,0,0,0,0,0,0,0,0,0,0,0,0,0,0,0,0,0,0,0,0,0,0,0,0,0,0,0,0,0,0,0,0,0,0,0,0,0,0,0,0,0,0,0,0.018018018,0.189831599
1.94,0,0,0,0,0,0,0,0,0,0,0,0,0,0,0,0,0,0,0,0,0,0,0,0,0,0,0,0,0,0,0,0,0,0,0,0,0,0,0,1,0,0,0,0,0,0,0,0,0,0,0,0,0,0,0,0,0,0,0,0,0,0,0,0,0,0,0,0,0,0,0,0,0,0,0,0,0,0,0,0,0,0,0,0,0,0,0,0,0,0,0,0,0,0,0,0,0,0,0,0,0,0,0,0,0,0,0,0,0,0,0,0.009009009,0.0949158
1.95,0,0,0,0,0,0,0,0,0,0,0,0,0,0,0,0,0,0,0,0,0,0,0,0,0,0,0,0,0,0,0,0,0,0,0,0,0,0,0,0,0,0,0,0,0,0,0,0,0,0,0,0,0,0,0,0,0,0,0,0,0,0,0,0,0,0,0,0,0,0,0,0,0,0,0,0,0,0,0,0,0,0,0,0,0,0,0,0,0,0,0,0,0,0,0,0,0,0,0,0,0,0,0,0,0,0,0,0,0,0,0,0,0
1.96,0,0,0,0,0,0,0,0,0,0,0,0,0,0,0,0,0,0,0,0,0,0,0,0,0,0,0,0,0,0,0,0,0,0,0,0,0,0,0,0,0,0,0,0,0,0,0,0,0,0,0,0,0,0,0,0,0,0,0,0,0,0,0,0,0,0,0,0,0,0,0,0,0,0,0,0,0,0,0,0,0,0,0,0,0,0,0,0,0,0,0,0,0,0,0,0,0,0,0,0,0,0,0,0,0,0,0,0,0,0,0,0,0
1.97,0,0,0,0,0,0,0,0,0,0,0,0,0,0,0,0,0,0,0,0,0,0,0,0,0,0,0,0,0,0,0,0,0,0,0,0,0,0,0,0,0,0,0,0,0,0,0,0,0,0,0,0,0,0,0,0,0,0,0,0,0,0,0,0,0,0,0,0,0,0,0,0,0,0,0,0,0,0,0,0,0,0,0,0,0,0,0,0,0,0,0,0,0,0,0,0,0,0,0,0,0,0,0,0,0,0,0,0,0,0,0,0,0
1.98,0,0,0,0,0,0,0,0,0,0,0,0,0,0,0,0,0,0,0,0,0,0,0,0,0,0,0,0,0,0,0,0,0,0,0,0,0,0,0,0,0,0,0,0,0,0,0,0,0,0,0,0,0,0,0,0,0,0,0,0,0,0,0,0,0,0,0,0,0,0,0,0,0,0,0,0,0,0,0,0,0,0,0,0,0,0,0,0,0,0,0,0,0,0,0,0,0,0,0,0,0,0,0,0,0,0,0,0,0,0,0,0,0
1.99,0,0,0,0,0,0,0,0,0,0,0,0,0,0,0,0,0,0,0,0,0,0,0,0,0,0,0,0,0,0,0,0,0,0,0,0,0,0,0,0,0,0,0,0,0,0,0,0,0,0,0,0,0,0,0,0,0,0,0,0,0,0,0,0,0,0,0,0,0,0,0,0,0,0,0,0,0,0,0,0,0,0,0,0,0,0,0,0,0,0,0,0,0,0,0,0,0,0,0,0,0,0,0,0,0,0,0,0,0,0,0,0,0
2,0,0,0,0,0,0,0,0,0,0,0,0,0,0,0,0,0,0,0,0,0,0,0,0,0,0,0,0,0,0,0,0,0,0,0,0,0,0,0,0,0,0,0,0,0,0,0,0,0,0,0,0,0,0,0,0,0,0,0,0,0,0,0,0,0,0,0,0,0,0,0,0,0,0,0,0,0,0,0,0,0,0,0,0,0,0,0,0,0,0,0,0,0,0,0,0,0,0,0,0,0,0,0,0,0,0,0,0,0,0,0,0,0
